H	Tau
T	
-0.05463071256	0.229804
-0.05452221065	0.22968
-0.05455837795	0.229546
-0.05470304717	0.229517
-0.05463071256	0.229527
-0.05463071256	0.229475
-0.05455837795	0.229494
-0.05449508517	0.229606
-0.05442275056	0.229743
-0.05459454525	0.229744
-0.05463071256	0.22967
-0.05459454525	0.229701
-0.05452221065	0.229679
-0.05463071256	0.229659
-0.05473921447	0.229681
-0.05459454525	0.22972
-0.05455837795	0.229648
-0.05459454525	0.229637
-0.05455837795	0.229674
-0.05463071256	0.229784
-0.05455837795	0.229686
-0.05463071256	0.229599
-0.05452221065	0.229667
-0.05459454525	0.22977
-0.05459454525	0.229843
-0.05459454525	0.229767
-0.05466687986	0.229669
-0.05459454525	0.229665
-0.05459454525	0.229655
-0.05455837795	0.229577
-0.05459454525	0.229521
-0.05463071256	0.229527
-0.05459454525	0.229584
-0.05455837795	0.229603
-0.05459454525	0.229595
-0.05455837795	0.229573
-0.05463071256	0.229595
-0.05452221065	0.229574
-0.05459454525	0.229529
-0.05463071256	0.229642
-0.05459454525	0.229755
-0.05455837795	0.229839
-0.05463071256	0.229892
-0.05445891787	0.230039
-0.05455837795	0.229955
-0.05455837795	0.229774
-0.05455837795	0.229646
-0.05455837795	0.229617
-0.05455837795	0.229569
-0.05463071256	0.229474
-0.05466687986	0.229436
-0.05459454525	0.229459
-0.05452221065	0.22954
-0.05459454525	0.229556
-0.05455837795	0.229612
-0.05455837795	0.22966
-0.05452221065	0.229599
-0.05442275056	0.229744
-0.05449508517	0.229827
-0.05459454525	0.22984
-0.05466687986	0.229828
-0.05449508517	0.229932
-0.05463071256	0.229972
-0.05452221065	0.229966
-0.05463071256	0.229903
-0.05455837795	0.229842
-0.05455837795	0.229842
-0.05455837795	0.229763
-0.05449508517	0.229652
-0.05470304717	0.229642
-0.05463071256	0.229663
-0.05463071256	0.229614
-0.05445891787	0.229504
-0.05459454525	0.229555
-0.05455837795	0.22955
-0.05449508517	0.229533
-0.05449508517	0.229528
-0.05455837795	0.229649
-0.05459454525	0.229754
-0.05455837795	0.229838
-0.05463071256	0.229825
-0.05452221065	0.229892
-0.05459454525	0.229913
-0.05459454525	0.229925
-0.05463071256	0.229933
-0.05473921447	0.229994
-0.05470304717	0.230025
-0.05455837795	0.229994
-0.05445891787	0.229941
-0.05452221065	0.22993
-0.05449508517	0.229845
-0.05455837795	0.229668
-0.05455837795	0.229695
-0.05455837795	0.229833
-0.05455837795	0.229887
-0.05452221065	0.229891
-0.05452221065	0.229902
-0.05470304717	0.230008
-0.05466687986	0.230042
-0.05452221065	0.230041
-0.05445891787	0.229996
-0.05452221065	0.230021
-0.05459454525	0.229989
-0.05449508517	0.229956
-0.05455837795	0.22992
-0.05459454525	0.229908
-0.05449508517	0.229896
-0.05455837795	0.229888
-0.05445891787	0.229894
-0.05452221065	0.229915
-0.05452221065	0.229914
-0.05463071256	0.229834
-0.05459454525	0.229819
-0.05445891787	0.229963
-0.05452221065	0.230007
-0.05455837795	0.229882
-0.05449508517	0.229783
-0.05459454525	0.229794
-0.05463071256	0.229907
-0.05459454525	0.229947
-0.05455837795	0.229924
-0.05455837795	0.229975
-0.05466687986	0.229975
-0.05470304717	0.23003
-0.05466687986	0.230046
-0.05459454525	0.230053
-0.05389832466	0.230044
-0.01170012284	0.227742
0.08586117918	0.222183
0.01689013096	0.221774
-0.02387946245	0.192891
-0.04331034647	0.192147
-0.04879873483	0.20481
-0.05071560193	0.214713
-0.05284947285	0.221177
-0.04460332759	0.225694
-0.03174585106	0.22772
-0.03740603412	0.228887
-0.03793046003	0.22954
-0.03811129654	0.229902
-0.03744220142	0.229902
-0.03646568422	0.229907
-0.03727040673	0.229852
-0.03657418613	0.229896
-0.03723423943	0.229834
-0.03744220142	0.229751
-0.03789429272	0.229724
-0.03817458933	0.230023
-0.03824692393	0.230091
-0.03611305301	0.229994
-0.03779483264	0.229878
-0.03684544091	0.229826
-0.03702627743	0.229821
-0.03734274134	0.229737
-0.03747836873	0.229517
-0.03663747891	0.229537
-0.03657418613	0.229643
-0.03639334961	0.229648
-0.03611305301	0.229609
-0.03657418613	0.229544
-0.0358689237	0.229427
-0.03653801883	0.229548
-0.036321015	0.229557
-0.03642951691	0.229536
-0.03635718231	0.229483
-0.03642951691	0.229596
-0.03590509101	0.229581
-0.03807512924	0.229786
-0.03716190482	0.229678
-0.03849105324	0.229426
-0.03811129654	0.229276
-0.03824692393	0.22939
-0.03849105324	0.229523
-0.03849105324	0.229644
-0.03849105324	0.229721
-0.03894314453	0.229745
-0.03890697723	0.229743
-0.03859955515	0.229666
-0.03873518254	0.229643
-0.03873518254	0.229665
-0.03849105324	0.229736
-0.03877134984	0.229761
-0.03642951691	0.229777
-0.03502803389	0.229859
-0.03702627743	0.229924
-0.03859955515	0.229936
-0.03800279463	0.229867
-0.03817458933	0.229811
-0.03828309124	0.229939
-0.03862668062	0.229904
-0.03783099994	0.229903
-0.03852722054	0.229954
-0.03838255132	0.22999
-0.03807512924	0.230039
-0.03793046003	0.229937
-0.03862668062	0.229763
-0.03775866533	0.229692
-0.03813842202	0.229751
-0.03789429272	0.229889
-0.03856338784	0.230179
-0.03740603412	0.230076
-0.036321015	0.230154
-0.0360407184	0.230505
-0.03723423943	0.230483
-0.03436798059	0.230076
-0.03566096171	0.229944
-0.03775866533	0.229783
-0.03796662733	0.2297
-0.03793046003	0.229376
-0.03796662733	0.229244
-0.03859955515	0.229292
-0.03813842202	0.229387
-0.03881655897	0.229415
-0.03857242967	0.229561
-0.03850913689	0.229803
-0.03829213306	0.229867
-0.03895218636	0.229913
-0.03890697723	0.229889
-0.03835542585	0.229971
-0.03856338784	0.230021
-0.03868093158	0.229927
-0.03784004177	0.229774
-0.03689969186	0.229554
-0.03878943349	0.229546
-0.03817458933	0.22966
-0.03734274134	0.229579
-0.0379575855	0.229537
-0.03779483264	0.229555
-0.03828309124	0.229638
-0.03877134984	0.229812
-0.03789429272	0.229783
-0.03840063498	0.22945
-0.03793046003	0.229377
-0.0386176388	0.229619
-0.03811129654	0.229712
-0.03819267298	0.229779
-0.03786716724	0.2299
-0.03854530419	0.230034
-0.03777674898	0.229732
-0.03802087828	0.229527
-0.03782195811	0.229511
-0.03769537255	0.229624
-0.03802087828	0.229575
-0.03849105324	0.229568
-0.03811129654	0.229783
-0.0379214182	0.229925
-0.03799375281	0.229974
-0.03824692393	0.230036
-0.03784908359	0.229906
-0.0386176388	0.229881
-0.03858147149	0.229945
-0.03877134984	0.230008
-0.03760495429	0.229965
-0.03770441438	0.230054
-0.03834638402	0.229989
-0.03824692393	0.22964
-0.03799375281	0.229619
-0.03866284793	0.229752
-0.03855434602	0.229825
-0.03852722054	0.22999
-0.0381655475	0.229942
-0.03895218636	0.229885
-0.03859051332	0.229945
-0.03872614071	0.230213
-0.03856338784	0.230033
-0.03862668062	0.22989
-0.03856338784	0.229912
-0.03823788211	0.229968
-0.03799375281	0.22967
-0.03893410271	0.229614
-0.03824692393	0.229672
-0.03868093158	0.229766
-0.03713477934	0.229881
-0.03833734219	0.229963
-0.03824692393	0.229877
-0.03804800376	0.229777
-0.03848201141	0.229753
-0.03817458933	0.229937
-0.0351365358	0.229916
-0.02548890748	0.229707
0.01102198589	0.207276
0.01867137068	0.205189
0.02472035227	0.210167
0.03034436803	0.21982
0.03317445956	0.223961
0.04320184456	0.227281
0.04871735839	0.228544
0.05281330554	0.229005
0.05990209707	0.229704
0.06454959559	0.229885
0.07020977861	0.230023
0.07286807542	0.229979
0.0750652391	0.22998
0.08522825137	0.230131
0.08844714136	0.230075
0.08833863945	0.230092
0.08833863945	0.230073
0.08820301207	0.230088
0.09058101226	0.230095
0.09060813773	0.230077
0.09060813773	0.22997
0.09054484495	0.230039
0.09058101226	0.230011
0.09060813773	0.23002
0.090490594	0.230003
0.09059909591	0.229948
0.09064430504	0.230048
0.09061717956	0.230146
0.09050867765	0.230143
0.09066238869	0.230185
0.09067143052	0.230144
0.09056292861	0.230132
0.09063526321	0.230169
0.09053580313	0.230221
0.09058101226	0.230203
0.09061717956	0.230056
0.0905267613	0.229947
0.09057197043	0.230001
0.09055388678	0.229973
0.09071663964	0.229892
0.09059909591	0.229864
0.090490594	0.229793
0.09053580313	0.229745
0.09064430504	0.229705
0.09072568147	0.229802
0.090490594	0.229865
0.09060813773	0.229849
0.09064430504	0.229762
0.09046346852	0.22974
0.09063526321	0.229869
0.09062622139	0.229863
0.0905267613	0.229826
0.09061717956	0.229868
0.09060813773	0.229848
0.09058101226	0.229917
0.09055388678	0.229983
0.09057197043	0.229958
0.09059909591	0.229838
0.09058101226	0.229723
0.09049963582	0.229896
0.09063526321	0.23007
0.09059005408	0.230113
0.09050867765	0.230061
0.09057197043	0.230094
0.09059005408	0.23016
0.09063526321	0.230224
0.09064430504	0.230106
0.09057197043	0.22994
0.09058101226	0.229962
0.09057197043	0.230018
0.09061717956	0.230043
0.09060813773	0.230087
0.09059909591	0.229988
0.09072568147	0.229823
0.09043634304	0.229985
0.09046346852	0.230235
0.09070759782	0.230205
0.09054484495	0.230122
0.09048155217	0.230184
0.09071663964	0.230273
0.09293188697	0.230082
0.09591568948	0.230064
0.1013859941	0.230112
0.1076971885	0.230135
0.1129052801	0.230086
0.1172815237	0.230114
0.1245240261	0.230147
0.1262962239	0.23013
0.1369474945	0.230213
0.1420561259	0.230306
0.1460797383	0.23037
0.1503746054	0.230375
0.1585122483	0.23046
0.1632320812	0.230536
0.1665865984	0.230498
0.1680875414	0.23044
0.1755470473	0.230367
0.1809178916	0.230562
0.1809721425	0.23081
0.180945017	0.230521
0.1808726824	0.230368
0.1810083098	0.230442
0.1810354353	0.230431
0.1810354353	0.230351
0.1808726824	0.230449
0.180845557	0.230473
0.180945017	0.230439
0.1809088497	0.23043
0.1809088497	0.230467
0.1809269334	0.230442
0.1809088497	0.230364
0.1809269334	0.230336
0.1809178916	0.23037
0.1809088497	0.23038
0.1808998079	0.230419
0.1809088497	0.230546
0.1809178916	0.230581
0.1809088497	0.230461
0.1809088497	0.230421
0.1809269334	0.23041
0.1809178916	0.230464
0.1809088497	0.230469
0.1808726824	0.230399
0.1808817243	0.230455
0.1809269334	0.230429
0.180945017	0.23035
0.1809269334	0.230465
0.1808907661	0.230477
0.1808998079	0.230424
0.1808998079	0.230342
0.1809178916	0.230326
0.1809088497	0.230345
0.1809178916	0.230245
0.1809178916	0.23015
0.1809269334	0.230253
0.1809178916	0.230438
0.1808907661	0.230429
0.1808636406	0.230368
0.1808907661	0.230365
0.1808907661	0.230376
0.1809088497	0.230436
0.1809088497	0.23038
0.1809178916	0.230327
0.1809269334	0.230464
0.1809269334	0.230487
0.1808907661	0.230452
0.1809088497	0.230374
0.1809088497	0.230355
0.1808998079	0.230151
0.1808817243	0.230067
0.1808998079	0.230192
0.1808817243	0.230286
0.1808545988	0.230227
0.1808545988	0.230279
0.1808636406	0.230298
0.1808817243	0.23036
0.1808998079	0.230482
0.1808907661	0.230618
0.1809088497	0.230631
0.1809178916	0.230564
0.1809088497	0.230562
0.1809088497	0.230563
0.1808998079	0.230526
0.1808907661	0.230481
0.1808907661	0.230577
0.1808998079	0.230661
0.1809088497	0.230603
0.1809269334	0.230481
0.1808998079	0.230548
0.1808998079	0.230558
0.1809178916	0.23049
0.1809178916	0.230389
0.1809269334	0.230356
0.180945017	0.230312
0.1809178916	0.230336
0.1809178916	0.230439
0.183738941	0.230487
0.1910809031	0.230487
0.2074285229	0.230535
0.2179170399	0.23065
0.2260546823	0.230664
0.2357656022	0.230634
0.2500968943	0.230681
0.2589036314	0.23087
0.2684789235	0.230986
0.2820326182	0.231116
0.29314502	0.2312
0.3071236799	0.23132
0.3166266368	0.23144
0.3249089473	0.231588
0.3340592728	0.231706
0.34178099	0.231815
0.3498191709	0.231938
0.3570526295	0.232146
0.3728486943	0.232496
0.3825596121	0.2328
0.3925146588	0.232994
0.4058332633	0.233311
0.4172530847	0.233469
0.4251194699	0.233539
0.4335012388	0.233626
0.4488452102	0.23387
0.4599937759	0.234036
0.4665581381	0.234116
0.4732671694	0.234121
0.4823903667	0.234177
0.4910524309	0.234327
0.5040184015	0.234647
0.514705833	0.234738
0.5225360491	0.23495
0.53854007	0.235398
0.5468223766	0.235612
0.5616690437	0.235936
0.5741105864	0.236127
0.5776730629	0.236294
0.5902863996	0.236395
0.6024476449	0.236582
0.6164624623	0.236802
0.6222221001	0.236866
0.6331626989	0.236966
0.6454595699	0.237212
0.6579011094	0.237415
0.6733806986	0.237768
0.6881911927	0.238183
0.7019980445	0.238671
0.7136619857	0.238871
0.7214560298	0.239089
0.7299462934	0.239227
0.743328178	0.239361
0.7555617516	0.23937
0.7632111255	0.239449
0.7760414579	0.239825
0.7867650474	0.240083
0.8023169639	0.240269
0.8138814407	0.240592
0.8247496976	0.240856
0.8355817867	0.241041
0.8434752871	0.241171
0.85333086	0.241369
0.8688737304	0.241606
0.8845612688	0.241949
0.8936844535	0.242377
0.9094804918	0.242677
0.9193993545	0.24284
0.9286943321	0.243047
0.9413799866	0.243338
0.9519317742	0.243491
0.9658742383	0.243744
0.977339247	0.243951
0.9833791725	0.244052
0.9974572615	0.244491
1.01639984	0.245042
1.025658646	0.245113
1.042051433	0.245416
1.051201736	0.245751
1.058435177	0.245912
1.073742946	0.24626
1.080551421	0.246387
1.098092512	0.246546
1.107839572	0.246762
1.115280972	0.246965
1.126574177	0.247141
1.139775202	0.247512
1.150824277	0.247691
1.164830019	0.248155
1.180626036	0.248322
1.192398452	0.24851
1.195129074	0.248624
1.212561653	0.248941
1.224894658	0.249145
1.235835227	0.249312
1.247960269	0.249711
1.263891905	0.250091
1.273042196	0.250243
1.287997316	0.250652
1.298693752	0.250993
1.307744582	0.251224
1.324444763	0.25159
1.330945808	0.251874
1.347853948	0.252094
1.355747426	0.252237
1.362845227	0.252438
1.378849185	0.252778
1.389645075	0.253001
1.399536785	0.253252
1.407538762	0.253444
1.414419558	0.253672
1.42133652	0.253873
1.436951675	0.254228
1.445722202	0.254387
1.454773022	0.25447
1.463263252	0.254666
1.47972833	0.255147
1.486961751	0.25552
1.496491784	0.255762
1.506491988	0.255931
1.514421624	0.25627
1.522423595	0.256571
1.535941047	0.256976
1.546465671	0.257034
1.553907049	0.257268
1.563545578	0.257499
1.575987055	0.257909
1.583048678	0.258107
1.602054477	0.258465
1.610752659	0.258869
1.619975262	0.259019
1.634758551	0.259268
1.647236188	0.25975
1.654397266	0.260053
1.662435395	0.260532
1.675889539	0.261199
1.685916855	0.261752
1.69363852	0.261915
1.702580822	0.261937
1.710546613	0.261975
1.718548571	0.261919
1.735076908	0.261986
1.745031884	0.262444
1.750031976	0.262733
1.76219314	0.262915
1.776415822	0.263587
1.790105039	0.264185
1.800873769	0.264486
1.81232967	0.264775
1.82466262	0.265408
1.831588602	0.265755
1.84346042	0.265996
1.856570958	0.266188
1.86568504	0.266312
1.874075783	0.266538
1.886860813	0.266889
1.893153868	0.26714
1.901119647	0.267329
1.921906617	0.268122
1.939619392	0.268753
1.956391822	0.269529
1.964574597	0.269712
1.974457218	0.269928
1.990253135	0.270294
1.997278565	0.270515
2.006537304	0.270734
2.016844882	0.270915
2.029666062	0.271345
2.041266606	0.271754
2.047622945	0.272008
2.058355481	0.272402
2.066149453	0.272624
2.07501939	0.272757
2.084694041	0.27291
2.099621935	0.272931
2.107443029	0.272965
2.11467641	0.273221
2.130607931	0.273909
2.147036743	0.274425
2.156955513	0.27503
2.165662691	0.275681
2.173447613	0.275975
2.187181986	0.276194
2.197697505	0.276208
2.207589144	0.276285
2.220898551	0.276722
2.230862522	0.276954
2.246088769	0.277263
2.261785182	0.277686
2.270826894	0.278156
2.286658928	0.278565
2.295989972	0.278846
2.30545664	0.279222
2.313738844	0.279621
2.321568961	0.279715
2.329878289	0.279834
2.343269053	0.280173
2.354652557	0.280328
2.360981748	0.280609
2.366958313	0.280723
2.3836945	0.281261
2.396027377	0.281626
2.402944276	0.281956
2.413911854	0.282554
2.417338657	0.282978
2.430304447	0.283379
2.442673484	0.28378
2.44927392	0.283901
2.461679121	0.284115
2.469816642	0.284206
2.48564864	0.284449
2.499138838	0.284945
2.510802613	0.285466
2.520242132	0.285725
2.52807223	0.285884
2.542077797	0.286443
2.552105022	0.286752
2.558190072	0.28689
2.569474088	0.287035
2.579221018	0.28733
2.584465191	0.287775
2.597810705	0.288507
2.610423841	0.288712
2.615460054	0.288908
2.625514394	0.289127
2.641735152	0.289302
2.652286781	0.289381
2.66664495	0.289756
2.674013909	0.290192
2.684185783	0.290512
2.696274489	0.291299
2.708082901	0.291798
2.71737773	0.29197
2.726781057	0.292141
2.739186214	0.292781
2.750605828	0.293288
2.754349074	0.293671
2.7672696	0.293927
2.77852646	0.294278
2.792396356	0.294321
2.798544679	0.294355
2.813499569	0.294579
2.823987882	0.295393
2.836808938	0.296025
2.850154407	0.295866
2.856510683	0.295763
2.86441308	0.295985
2.874015304	0.296296
2.881736866	0.29652
2.895642908	0.297697
2.906863581	0.298543
2.912803937	0.298757
2.928979424	0.29865
2.940823964	0.298784
2.950959634	0.298771
2.964341248	0.29899
2.978880188	0.300055
2.98911531	0.300466
2.998057479	0.300549
3.014169654	0.301106
3.022379447	0.301615
3.032614563	0.301704
3.045399414	0.30168
3.061755701	0.302464
3.07125844	0.303041
3.079649059	0.303265
3.092922148	0.303625
3.109902294	0.304129
3.118256742	0.304401
3.138030738	0.304369
3.154278503	0.304786
3.169025358	0.305722
3.178076001	0.305958
3.189115794	0.306254
3.201972947	0.30676
3.217171871	0.307462
3.229576938	0.307915
3.237090502	0.308231
3.245960304	0.308523
3.252669164	0.308693
3.260255058	0.308837
3.274441309	0.309129
3.284784884	0.309274
3.294775835	0.309327
3.303338215	0.30952
3.317036211	0.310361
3.326746868	0.310709
3.335833654	0.310817
3.344703442	0.311134
3.351448457	0.311405
3.361439398	0.311495
3.374929425	0.312349
3.384920361	0.312966
3.393970973	0.313039
3.402705128	0.313102
3.416755723	0.313863
3.435101057	0.314039
3.445263773	0.313988
3.465290828	0.31507
3.478428211	0.31588
3.491873003	0.316139
3.500191233	0.316378
3.515742701	0.317165
3.525489492	0.318173
3.537089798	0.318274
3.549313969	0.318671
3.557840145	0.319089
3.58519985	0.319082
3.597505384	0.320093
3.604982735	0.320645
3.626673376	0.320749
3.64162807	0.321433
3.655570108	0.322096
3.670985911	0.323082
3.683454174	0.323355
3.690407105	0.32353
3.698797637	0.323692
3.704837373	0.32376
3.723598523	0.324226
3.730659948	0.324534
3.739394051	0.32462
3.753996095	0.325378
3.76581335	0.325967
3.774475115	0.326108
3.782088065	0.326276
3.796943259	0.326274
3.812422313	0.326513
3.823290197	0.326945
3.836282831	0.327819
3.848760097	0.327941
3.855920961	0.328006
3.864338592	0.328425
3.880061746	0.329559
3.905395996	0.329922
3.920802686	0.330498
3.929256472	0.330927
3.939916378	0.331114
3.952701029	0.331436
3.962836525	0.331742
3.971190848	0.3325
3.980024368	0.333022
3.994771008	0.332914
4.007528521	0.333417
4.020276989	0.334493
4.028766925	0.335193
4.036985615	0.335645
4.05130729	0.335955
4.06060191	0.336092
4.069200336	0.336021
4.07778972	0.33603
4.087048169	0.336445
4.091279569	0.336647
4.108675321	0.336836
4.119470811	0.337092
4.123250136	0.337509
4.14047409	0.338566
4.153014571	0.338598
4.166920306	0.338771
4.173565763	0.339494
4.185970614	0.339952
4.193999408	0.340377
4.205463945	0.341197
4.218953759	0.341581
4.223700509	0.342214
4.235264495	0.342753
4.248302229	0.343155
4.258293002	0.343244
4.268672553	0.343176
4.276529546	0.343196
4.288581755	0.343777
4.306682666	0.344507
4.316646302	0.344849
4.32586854	0.345176
4.332296981	0.345555
4.352459316	0.346731
4.364827954	0.347524
4.372305193	0.347699
4.39039703	0.348151
4.404275572	0.348407
4.416852148	0.348856
4.423696481	0.34935
4.433171856	0.34972
4.447104633	0.350342
4.455106258	0.350616
4.473559718	0.350775
4.48281809	0.351579
4.489807075	0.351929
4.504517392	0.352645
4.514788392	0.35276
4.522582053	0.353074
4.530891072	0.353252
4.546125775	0.353442
4.556749378	0.353664
4.564090964	0.354269
4.574325784	0.354477
4.589560473	0.354881
4.604614329	0.355529
4.614505568	0.355941
4.621666318	0.356321
4.635644242	0.357403
4.648012803	0.357998
4.660516981	0.358912
4.671945235	0.359198
4.676664814	0.359039
4.687631957	0.358937
4.702794275	0.359527
4.709123207	0.360105
4.722368756	0.360607
4.734909077	0.361212
4.745180023	0.360989
4.758208569	0.361332
4.771345607	0.361805
4.787041333	0.361858
4.800313981	0.362481
4.813414841	0.363031
4.828577114	0.364862
4.84171413	0.366111
4.853070006	0.366292
4.862265008	0.36634
4.870546837	0.366765
4.887906124	0.368124
4.901006956	0.368233
4.913068036	0.368563
4.924668007	0.368801
4.935282474	0.369494
4.948808232	0.370682
4.957297993	0.370674
4.967433264	0.370325
4.985669514	0.37092
4.997269464	0.372064
5.009357639	0.372193
5.019104124	0.372471
5.02616535	0.372845
5.040034645	0.37403
5.056354116	0.374967
5.068650222	0.375776
5.075358832	0.375816
5.083188555	0.375727
5.094788477	0.37652
5.107572799	0.376028
5.117599538	0.37581
5.122038787	0.376075
5.133810482	0.376194
5.141811977	0.376026
5.155509448	0.376792
5.165780288	0.377831
5.174062055	0.379279
5.179613369	0.37984
5.196665121	0.379801
5.207044445	0.380644
5.215434698	0.381322
5.224937019	0.38162
5.241735597	0.382603
5.254103975	0.383756
5.271228024	0.383532
5.281887605	0.383135
5.293062532	0.383571
5.306967897	0.383794
5.315150181	0.384448
5.325665091	0.385379
5.33726494	0.386692
5.344317069	0.386425
5.357209802	0.386113
5.363782744	0.386798
5.38163908	0.387481
5.394531801	0.387838
5.403473524	0.388281
5.419404071	0.389254
5.420904906	0.389611
5.420904906	0.390052
5.420904906	0.390602
5.423038622	0.390507
5.425172338	0.391063
5.425100009	0.391624
5.425027679	0.392058
5.425063844	0.391423
5.424991515	0.391546
5.425090968	0.391306
5.425045762	0.390695
5.425072885	0.39096
5.425072885	0.392244
5.425118091	0.392935
5.425127132	0.393259
5.42510905	0.392684
5.425100009	0.392112
5.42510905	0.391898
5.425100009	0.391211
5.425118091	0.390968
5.42510905	0.391035
5.425100009	0.39074
5.425081926	0.391028
5.425100009	0.3922
5.425100009	0.392236
5.425063844	0.391903
5.425081926	0.391617
5.425072885	0.390644
5.425081926	0.390811
5.425118091	0.391255
5.425145215	0.391407
5.425118091	0.391415
5.425100009	0.391053
5.425100009	0.39142
5.42510905	0.391864
5.425118091	0.391937
5.425100009	0.391111
5.425090968	0.390193
5.425072885	0.392063
5.425081926	0.392256
5.429430729	0.391243
5.447359363	0.391921
5.460179732	0.39217
5.479988911	0.392473
5.49250187	0.392161
5.510349102	0.391879
5.514752142	0.391992
5.525691929	0.392265
5.545049016	0.393938
5.563773214	0.397472
5.572995171	0.398527
5.589938252	0.398816
5.60580543	0.397192
5.615660256	0.396825
5.6277844	0.398001
5.639067716	0.398364
5.663876533	0.398898
5.680295186	0.400454
5.697726436	0.402425
5.712336854	0.403496
5.727534938	0.402977
5.73979466	0.402222
5.753211637	0.403115
5.763690257	0.40456
5.771592165	0.404525
5.781058178	0.404286
5.793354046	0.404837
5.804917583	0.405147
5.812258935	0.404579
5.82116439	0.404397
5.836543248	0.404487
5.848875261	0.405233
5.863133015	0.405864
5.870989695	0.406267
5.87839432	0.406595
5.893312059	0.407096
5.903618856	0.407371
5.911276624	0.407502
5.920498491	0.407448
5.933598962	0.408218
5.950894469	0.409071
5.961092757	0.409467
5.970911318	0.409968
5.979093451	0.410859
5.992474171	0.412435
6.001207801	0.413137
6.010465807	0.414594
6.016297265	0.41542
6.033981494	0.415225
6.043239491	0.41484
6.053401587	0.414763
6.060986993	0.414905
6.07751395	0.416745
6.092259822	0.415741
6.099275636	0.415101
6.123279474	0.416838
6.139426678	0.419329
6.159651357	0.418919
6.175093348	0.418461
6.192253116	0.417288
6.200950529	0.417635
6.213562678	0.419466
6.232395003	0.420441
6.242593205	0.421548
6.251362932	0.422349
6.260521418	0.423023
6.273061216	0.424383
6.28378378	0.424378
6.290808594	0.424527
6.297272868	0.425231
6.316177472	0.42577
6.33008243	0.425808
6.341401676	0.424266
6.348037717	0.42413
6.357503567	0.425059
6.370712356	0.426481
6.379554376	0.42693
6.390765113	0.427316
6.399607127	0.427347
6.414036421	0.427563
6.429903212	0.42883
6.440625723	0.429655
6.448943351	0.429912
6.455615534	0.430524
6.470885605	0.431513
6.480071151	0.432856
6.488732322	0.433824
6.497926903	0.435694
6.505014956	0.436785
6.514833353	0.437031
6.528250016	0.43803
6.53904482	0.437991
6.545825474	0.437551
6.561755484	0.437494
6.572477949	0.43798
6.586563611	0.438243
6.597322231	0.437641
6.611154737	0.437565
6.62768141	0.438842
6.636695133	0.439745
6.654478468	0.44033
6.669576665	0.440416
6.67939501	0.441134
6.685398121	0.442978
6.696021094	0.442518
6.712963598	0.440001
6.725439929	0.440695
6.741821886	0.442481
6.752444839	0.442257
6.766349601	0.443656
6.779070012	0.44509
6.785606511	0.443828
6.799610706	0.442732
6.808380276	0.445585
6.823722497	0.447046
6.836298231	0.446976
6.845935705	0.448258
6.85202015	0.448734
6.869414605	0.448415
6.881610606	0.449079
6.892821159	0.448141
6.902919694	0.447688
6.9084436	0.446586
6.924020829	0.448817
6.934788369	0.4504
6.941559893	0.450726
6.955500729	0.451793
6.965599242	0.454036
6.980624956	0.457873
6.992884196	0.457701
6.999384485	0.457346
7.008786846	0.456637
7.02048555	0.454981
7.03382966	0.454955
7.042707649	0.457056
7.048439465	0.458382
7.064224555	0.456711
7.072994046	0.456731
7.083761531	0.458127
7.090397409	0.459933
7.098398432	0.461078
7.104229685	0.461179
7.122157389	0.4615
7.130890699	0.464269
7.139452234	0.464333
7.149758618	0.463346
7.162189559	0.460704
7.179972576	0.459542
7.186545147	0.459845
7.199364821	0.461508
7.204816345	0.462286
7.217464238	0.463292
7.231260289	0.464723
7.239821793	0.46706
7.252921703	0.469061
7.265533411	0.470311
7.278217439	0.471206
7.28932839	0.470883
7.301451887	0.46552
7.320211204	0.467352
7.329749068	0.46952
7.33813877	0.470101
7.347604304	0.470643
7.358995486	0.473649
7.370070241	0.473788
7.3806568	0.475106
7.384743156	0.475146
7.404062933	0.473561
7.419883986	0.472972
7.428653365	0.475508
7.435361486	0.479178
7.446508536	0.479509
7.460069417	0.478496
7.467193397	0.478201
7.477147078	0.47658
7.48640463	0.47461
7.502614378	0.474999
7.511320447	0.478921
7.518580022	0.481155
7.534654144	0.483209
7.545412408	0.483163
7.558584497	0.484415
7.567814899	0.483518
7.578500826	0.480459
7.5863661	0.479346
7.601418599	0.480875
7.610639947	0.483687
7.617700603	0.484712
7.627654228	0.486193
7.642435488	0.487849
7.657949023	0.486295
7.668110564	0.483566
7.679158071	0.482852
7.684392527	0.482999
7.699625781	0.487465
7.709895792	0.488823
7.717236678	0.489256
7.726421823	0.489692
7.73407008	0.490157
7.741618891	0.491445
7.757484946	0.493176
7.76656159	0.491531
7.773757813	0.491069
7.784308049	0.491831
7.798492551	0.492127
7.808455147	0.493743
7.816980306	0.494588
7.825541624	0.495949
7.832520859	0.497536
7.842582887	0.497533
7.854362597	0.494611
7.871476164	0.489795
7.882234291	0.489864
7.896807478	0.494166
7.908614285	0.494008
7.915078192	0.492616
7.923078971	0.492177
7.93842057	0.494162
7.953509029	0.496741
7.969610004	0.500018
7.979952231	0.498812
7.990891121	0.496321
7.99899132	0.496528
8.01240727	0.499052
8.02184544	0.503729
8.038958895	0.504502
8.052655075	0.510011
8.063801862	0.509481
8.080047413	0.502284
8.093707409	0.503247
8.104890339	0.50314
8.119870214	0.503586
8.131089293	0.507087
8.144360527	0.510163
8.15466652	0.509871
8.163752064	0.509103
8.172421749	0.508926
8.179581695	0.507979
8.189851513	0.507818
8.210011442	0.504076
8.218843836	0.501227
8.237674816	0.509239
8.251199121	0.514784
8.262201173	0.512827
8.269785988	0.512141
8.275933392	0.512485
8.29392358	0.511166
8.302656501	0.510456
8.316840711	0.51239
8.329108373	0.516308
8.336828771	0.515807
8.352513646	0.513335
8.358272297	0.514614
8.370359133	0.518717
8.383747761	0.523026
8.394397184	0.526077
8.409702331	0.527355
8.418507532	0.521987
8.427800903	0.518725
8.434572044	0.517034
8.450293016	0.515076
8.461159375	0.518176
8.468355397	0.520971
8.480867069	0.521385
8.493550497	0.522037
8.50751763	0.520426
8.518456284	0.521917
8.534421287	0.528727
8.548713842	0.532368
8.555484949	0.534552
8.573691893	0.534679
8.585046365	0.533016
8.591501055	0.532993
8.61752772	0.534081
8.634089307	0.531761
8.654357346	0.532931
8.67234725	0.529788
8.682300452	0.524993
8.689848973	0.526512
8.700814663	0.528999
8.709267191	0.530638
8.72076624	0.53538
8.730547659	0.536132
8.746476357	0.536918
8.756221605	0.537377
8.773027176	0.529511
8.786967021	0.532489
8.798637794	0.537981
8.804369216	0.540045
8.814919008	0.543286
8.830178681	0.54229
8.845619146	0.544203
8.856105638	0.540543
8.871401444	0.544484
8.887646447	0.54509
8.896207387	0.542217
8.904976245	0.538989
8.912841095	0.538617
8.929013747	0.539167
8.938198435	0.540399
8.94347782	0.543242
8.954931552	0.54416
8.971492896	0.542984
8.985080059	0.545773
8.99661513	0.542679
9.004850588	0.541359
9.019106692	0.545372
9.026971502	0.549771
9.044328313	0.548158
9.058267993	0.544047
9.080072454	0.545765
9.094111551	0.554797
9.109135997	0.553975
9.127514261	0.554564
9.135026473	0.555717
9.145991949	0.559308
9.153748234	0.560102
9.170725269	0.554774
9.182422962	0.543564
9.192701379	0.541134
9.207933676	0.545987
9.219179353	0.549921
9.223961476	0.553239
9.241535092	0.561605
9.252292596	0.560792
9.259985565	0.564955
9.273888949	0.574225
9.285243071	0.572948
9.295268322	0.574779
9.30690267	0.569476
9.324684136	0.570362
9.33467321	0.569505
9.343333416	0.567801
9.352490813	0.564454
9.362064039	0.561476
9.385956408	0.565703
9.40055578	0.565414
9.417568782	0.5634
9.430911595	0.570544
9.441777483	0.571559
9.451034276	0.571765
9.467206534	0.571903
9.494497757	0.578668
9.507695885	0.576148
9.536487663	0.582484
9.554820366	0.586835
9.564366383	0.586869
9.578965633	0.589426
9.590807742	0.587323
9.598003402	0.584077
9.606943735	0.578022
9.621443519	0.568839
9.637371574	0.56626
9.647224905	0.567689
9.655884985	0.568214
9.664346186	0.566996
9.677580367	0.566191
9.68910603	0.567064
9.694737783	0.57272
9.705847609	0.577121
9.721947354	0.577804
9.736058351	0.577645
9.747168155	0.580055
9.754508396	0.583209
9.763032836	0.583758
9.776230795	0.583264
9.788669412	0.58029
9.794120345	0.580212
9.80400976	0.581178
9.820461977	0.589358
9.835232802	0.585405
9.843549297	0.584825
9.853818354	0.584165
9.861194717	0.584037
9.877963276	0.579757
9.89144139	0.577577
9.901159006	0.581765
9.920576145	0.587532
9.93361129	0.592194
9.943880302	0.598953
9.951952683	0.601932
9.961552755	0.595694
9.974723468	0.595379
9.986529192	0.597448
9.99313714	0.603239
10.00263776	0.605994
10.01790563	0.596091
10.03023562	0.588242
10.04221307	0.581417
10.05157807	0.581941
10.05908995	0.579301
10.07389676	0.58666
10.08479847	0.590271
10.093603	0.59075
10.10233521	0.592438
10.11393295	0.592042
10.13184932	0.59014
10.1414945	0.588017
10.14561653	0.590781
10.15944701	0.595997
10.17437126	0.596501
10.1895938	0.598908
10.19703332	0.598661
10.2075553	0.599965
10.21677559	0.603559
10.22721621	0.59936
10.24091104	0.600189
10.24782625	0.602108
10.25872786	0.600225
10.27350741	0.608938
10.28845869	0.610498
10.29858289	0.612593
10.30742348	0.609316
10.3167522	0.60638
10.32844925	0.609517
10.34092368	0.610109
10.34777558	0.61304
10.35713139	0.614918
10.3732035	0.615319
10.38584966	0.621656
10.3954224	0.625158
10.41427862	0.621107
10.42836201	0.619422
10.43859461	0.620092
10.44736282	0.617293
10.45501015	0.616501
10.46842459	0.612344
10.47758149	0.60996
10.48820275	0.61146
10.49759466	0.613643
10.51314237	0.620017
10.52634887	0.620934
10.5388503	0.622527
10.54674165	0.623553
10.55425334	0.620243
10.568192	0.62024
10.57892169	0.619058
10.58698477	0.616344
10.59617777	0.61543
10.6126926	0.625165
10.62632389	0.624701
10.63690891	0.625261
10.64441153	0.627099
10.65422821	0.63039
10.67089666	0.633379
10.68322625	0.628842
10.69394683	0.62878
10.71106721	0.631472
10.72583737	0.629461
10.73569016	0.629308
10.74379838	0.632975
10.75217776	0.63407
10.76832185	0.635372
10.78123892	0.635418
10.79294473	0.635387
10.80960402	0.63856
10.82298206	0.637852
10.83507653	0.637772
10.84199152	0.63762
10.84551681	0.633238
10.84551681	0.63223
10.84712579	0.627943
10.84911441	0.627045
10.84915057	0.626667
10.84925	0.63391
10.84918673	0.640378
10.84918673	0.642244
10.84918673	0.639815
10.84913249	0.640495
10.84914153	0.635454
10.84914153	0.631465
10.84912345	0.630896
10.84909633	0.630475
10.84910537	0.631799
10.84912345	0.641587
10.84913249	0.642533
10.84912345	0.638229
10.84916865	0.634013
10.84914153	0.630156
10.84913249	0.635797
10.84909633	0.640019
10.84908729	0.637734
10.84910537	0.641405
10.84910537	0.642596
10.84911441	0.639067
10.84912345	0.639426
10.84913249	0.640101
10.84915961	0.641133
10.84916865	0.646876
10.84916865	0.649109
10.84912345	0.648604
10.84915057	0.644232
10.84916865	0.639502
10.84917769	0.638526
10.84916865	0.637177
10.84915961	0.638592
10.84915961	0.641295
10.84916865	0.642251
10.84915057	0.641796
10.84915961	0.63976
10.84915961	0.637885
10.84914153	0.634534
10.84915961	0.630183
10.84916865	0.629213
10.84916865	0.629581
10.84916865	0.630347
10.84918673	0.633271
10.84916865	0.632057
10.84917769	0.631961
10.84917769	0.634329
10.84915961	0.634641
10.84917769	0.636999
10.84919577	0.639331
10.84916865	0.643554
10.84916865	0.641839
10.84915057	0.642614
10.84916865	0.640818
10.84916865	0.642585
10.84915057	0.643938
10.84915961	0.639269
10.84916865	0.64434
10.84914153	0.649182
10.84915057	0.649244
10.84916865	0.644352
10.84915961	0.643533
10.84914153	0.640724
10.84915961	0.638109
10.84913249	0.643165
10.84912345	0.640826
10.84915057	0.636955
10.84915057	0.635989
10.84915057	0.63522
10.84915961	0.631449
10.84916865	0.63178
10.84916865	0.631257
10.84918673	0.629973
10.84917769	0.629227
10.84915961	0.630072
10.84915961	0.632978
10.84915961	0.630599
10.84917769	0.631012
10.84916865	0.638952
10.84915057	0.647726
10.84913249	0.647749
10.84915057	0.642281
10.84912345	0.639197
10.84915057	0.644096
10.84915057	0.645417
10.84914153	0.642041
10.84915057	0.632927
10.84915057	0.62882
10.84915961	0.632841
10.84915057	0.635798
10.84915961	0.641718
10.84914153	0.639583
10.84915057	0.638225
10.84916865	0.640507
10.84917769	0.640768
10.84917769	0.644613
10.84918673	0.646722
10.84917769	0.635781
10.84915057	0.630273
10.84916865	0.627796
10.84918673	0.62865
10.84918673	0.632828
10.84916865	0.633243
10.84915961	0.626659
10.84915961	0.632177
10.84915961	0.637913
10.84916865	0.642548
10.84915961	0.644716
10.84915057	0.64348
10.84916865	0.640823
10.84918673	0.639101
10.84918673	0.639923
10.84916865	0.641456
10.85844287	0.643508
10.8715045	0.639271
10.88177302	0.637885
10.89029697	0.639609
10.90381958	0.641532
10.91834553	0.644319
10.93194043	0.643047
10.94084401	0.643141
10.95614729	0.642527
10.97109804	0.643348
10.98090551	0.640932
10.99586528	0.641251
11.00340391	0.646304
11.01441356	0.649469
11.02831572	0.650481
11.03928017	0.649113
11.05377889	0.645716
11.06474332	0.645532
11.07218249	0.647627
11.08116735	0.649145
11.09621743	0.645472
11.11399729	0.6425
11.12643505	0.643596
11.13607069	0.644291
11.1538234	0.643087
11.16827684	0.645138
11.17960276	0.651816
11.188226	0.652113
11.19845818	0.647958
11.21389684	0.649339
11.22591874	0.654677
11.23768753	0.657476
11.25106526	0.657849
11.2671366	0.659816
11.27800147	0.666064
11.28225884	0.66956
11.29539248	0.670097
11.31075874	0.662098
11.32487762	0.65648
11.33413351	0.657916
11.34346172	0.659825
11.35379325	0.659009
11.36399822	0.655862
11.37670697	0.6566
11.38569168	0.657179
11.39480292	0.658049
11.41087414	0.665106
11.42058194	0.669445
11.43546903	0.669971
11.44244707	0.672626
11.44993128	0.674934
11.46434832	0.674068
11.4758458	0.670108
11.48440562	0.669221
11.49872321	0.670698
11.50578257	0.671325
11.522857	0.672222
11.53212183	0.669345
11.54259787	0.667244
11.55101304	0.666182
11.57291417	0.670548
11.58255861	0.667173
11.59768057	0.668596
11.60861755	0.675527
11.62244694	0.675319
11.63428778	0.678558
11.6486414	0.674876
11.66502874	0.677737
11.67994274	0.679281
11.69115083	0.678722
11.70680599	0.678647
11.72220805	0.68394
11.73373246	0.683705
11.73925514	0.68282
11.74879103	0.683861
11.76391285	0.682669
11.77382834	0.683753
11.78049893	0.683513
11.78926649	0.683146
11.80614179	0.687834
11.82025122	0.691205
11.83126037	0.69182
11.83652993	0.692838
11.84861467	0.692431
11.86150385	0.691877
11.86849076	0.693749
11.87855081	0.693046
11.88819508	0.692397
11.9039766	0.68492
11.91795037	0.685426
11.93045987	0.686515
11.93835061	0.684527
11.94663001	0.68371
11.96269167	0.688151
11.97698175	0.693714
11.98732194	0.692112
12.00360049	0.6982
12.01544107	0.700085
12.02769741	0.698499
12.03472041	0.699043
12.04442786	0.70086
12.06074251	0.698819
12.07524039	0.690001
12.08624033	0.687618
12.10363053	0.695965
12.11642008	0.702108
12.12584729	0.703552
12.13569931	0.703421
12.14516266	0.704428
12.15752737	0.704581
12.16786745	0.705442
12.17761097	0.702988
12.18575468	0.701745
12.20087611	0.70462
12.21603368	0.709622
12.22706968	0.708879
12.24205549	0.701549
12.25515225	0.698091
12.26818573	0.700669
12.2834517	0.707189
12.29720824	0.710993
12.30943726	0.712816
12.3168759	0.712705
12.32448627	0.71163
12.3395443	0.709854
12.35756692	0.710981
12.36710245	0.713868
12.37538164	0.713505
12.38355236	0.713088
12.39745343	0.716448
12.40685336	0.715683
12.41519579	0.71359
12.42173055	0.714241
12.44003327	0.71253
12.45211757	0.712669
12.46616319	0.708521
12.47230928	0.707326
12.48274858	0.708037
12.49756243	0.710327
12.5114634	0.713702
12.52396341	0.717128
12.53688821	0.717978
12.55421467	0.717646
12.56360547	0.718346
12.57209244	0.71675
12.58141996	0.71591
12.59580892	0.719562
12.61156265	0.721395
12.6197423	0.721254
12.62909691	0.721865
12.63814421	0.724475
12.65284946	0.726529
12.66399363	0.722215
12.68047939	0.721548
12.68739364	0.722476
12.69682052	0.724911
12.71090208	0.728632
12.72714376	0.726632
12.73807096	0.723566
12.75515316	0.723286
12.77666406	0.722463
12.79168552	0.723532
12.80209749	0.726253
12.81236485	0.727592
12.82060766	0.728338
12.83562908	0.730102
12.85092162	0.735506
12.86238198	0.733291
12.88529365	0.726132
12.90017039	0.731248
12.91941253	0.733538
12.93660299	0.732524
12.94969919	0.735674
12.96077084	0.736576
12.97589154	0.737058
12.99094896	0.739745
13.00076429	0.740453
13.00747053	0.739117
13.01627359	0.739767
13.03216247	0.743269
13.03914888	0.741396
13.05130503	0.740495
13.06112032	0.740694
13.07341203	0.744081
13.08867723	0.746388
13.10159254	0.74793
13.11608948	0.74703
13.13055026	0.746126
13.14218214	0.744123
13.15031631	0.743519
13.15932716	0.743918
13.17292026	0.746467
13.18210282	0.747853
13.19167401	0.750449
13.19963643	0.754216
13.21514553	0.759729
13.22936219	0.756898
13.24587447	0.751406
13.26442026	0.75237
13.27549169	0.750294
13.29729108	0.746407
13.31587296	0.747834
13.32760411	0.748347
13.34073612	0.75256
13.35450077	0.762733
13.36333979	0.763171
13.37136539	0.759854
13.3867026	0.758389
13.40322374	0.758085
13.41978102	0.760477
13.44310759	0.761017
13.46661488	0.760996
13.48083131	0.763955
13.48836881	0.765154
13.49531885	0.766802
13.50887549	0.765892
13.52612856	0.763273
13.53716365	0.76245
13.5459664	0.76525
13.55434438	0.769074
13.57090149	0.772866
13.58455748	0.772063
13.60044577	0.773454
13.61214959	0.774256
13.62353708	0.776222
13.6368767	0.778296
13.64494734	0.777127
13.65339757	0.77444
13.6687616	0.768977
13.68350201	0.768377
13.69289213	0.768967
13.70141463	0.770517
13.72670192	0.7791
13.73979743	0.778439
13.7674254	0.776152
13.78216572	0.775934
13.78988382	0.777869
13.79934617	0.778353
13.80996532	0.779158
13.82354879	0.781083
13.83458365	0.781572
13.84122626	0.782133
13.85104104	0.782268
13.86741706	0.783541
13.88152465	0.783263
13.89148401	0.783824
13.90066613	0.784368
13.91351747	0.78497
13.92528431	0.784209
13.93893997	0.783024
13.94736291	0.782459
13.95633713	0.785038
13.9665043	0.789302
13.98012377	0.792015
13.99063434	0.791975
13.99751184	0.791505
14.00777839	0.795088
14.0209098	0.79865
14.03386949	0.798516
14.0426358	0.795408
14.05713183	0.793654
14.063937	0.794059
14.07777328	0.793924
14.0899557	0.79166
14.1065122	0.790896
14.11908321	0.793806
14.13078661	0.795264
14.14032104	0.797528
14.1540759	0.801252
14.17126495	0.802979
14.17741035	0.801964
14.19312628	0.804306
14.2056972	0.806377
14.21875613	0.805065
14.22815494	0.804586
14.2376893	0.806409
14.24666335	0.808379
14.26101457	0.806944
14.27691116	0.80731
14.28648163	0.806937
14.29318729	0.806105
14.30491766	0.806737
14.31808495	0.807848
14.32873987	0.805934
14.33739755	0.807354
14.34375073	0.807995
14.36072265	0.810256
14.3743779	0.80697
14.38559308	0.806152
14.39512734	0.807076
14.40805053	0.805135
14.41845234	0.807047
14.42935119	0.809632
14.44877209	0.809531
14.46745191	0.810561
14.48299581	0.813575
14.49262941	0.816766
14.50227203	0.818408
14.51309852	0.822151
14.52570531	0.822717
14.53523947	0.821215
14.54134856	0.820462
14.55850098	0.82346
14.56702297	0.82261
14.57498464	0.824357
14.58619063	0.824844
14.59694475	0.826408
14.61758542	0.82885
14.63134886	0.828832
14.64144324	0.82747
14.6589028	0.825623
14.67252161	0.826074
14.68006752	0.826191
14.69036972	0.827907
14.70563323	0.832828
14.72221612	0.835203
14.73165074	0.835333
14.74145586	0.835215
14.75780375	0.837842
14.77093446	0.836011
14.78263732	0.833333
14.79346359	0.830559
14.80631412	0.830401
14.82049307	0.829635
14.83072286	0.830013
14.8443415	0.828682
14.85656844	0.833442
14.87035874	0.837521
14.8860739	0.842115
14.89783992	0.840516
14.91163922	0.839265
14.92124541	0.840744
14.92945087	0.843994
14.94456953	0.84438
14.95410339	0.845101
14.96839063	0.844484
14.97743649	0.844879
14.98727759	0.843921
14.99175082	0.84322
15.01242703	0.845
15.02572919	0.843734
15.03801923	0.846043
15.04434497	0.847216
15.05395106	0.848088
15.06774117	0.849219
15.07779909	0.84985
15.0849562	0.848897
15.09798719	0.849669
15.11080128	0.8514
15.12459133	0.852335
15.13485705	0.851387
15.14393895	0.851292
15.15266841	0.849104
15.16727172	0.851445
15.17834166	0.852093
15.18263409	0.851715
15.19363173	0.851292
15.20990678	0.849688
15.22481727	0.849379
15.23586006	0.850411
15.24123687	0.851793
15.25066209	0.854091
15.26390076	0.854452
15.27437421	0.85527
15.28478439	0.855464
15.29274565	0.854484
15.308632	0.855002
15.31708122	0.857666
15.3252503	0.859131
15.33485619	0.857779
15.34774235	0.856126
15.3596887	0.859031
15.36712579	0.859212
15.37885524	0.857592
15.39104554	0.858622
15.40085922	0.86118
15.40773603	0.861829
15.42209507	0.861642
15.43054421	0.866341
15.44108982	0.868986
15.45156313	0.868372
15.46246115	0.864837
15.48096788	0.86272
15.48920915	0.863084
15.49895047	0.863441
15.50715558	0.863277
15.5216862	0.864093
15.53129195	0.865953
15.54030128	0.868355
15.54637377	0.870572
15.56425687	0.873274
15.58091098	0.871291
15.59030885	0.872883
15.60559844	0.873746
15.61496014	0.874578
15.62183683	0.874948
15.63018645	0.872728
15.64799714	0.875131
15.66377462	0.872705
15.67837736	0.871097
15.68347386	0.871926
15.69066679	0.875906
15.70574842	0.877779
15.71891434	0.87542
15.72967659	0.873713
15.73868579	0.874291
15.74821908	0.875208
15.76204461	0.876032
15.77154174	0.874268
15.77856293	0.874072
15.78736425	0.874044
15.80387351	0.874097
15.81819596	0.875976
15.82943705	0.878587
15.83634977	0.881533
15.84505166	0.881958
15.8596813	0.88321
15.87075066	0.886437
15.87752782	0.887384
15.88726884	0.888127
15.90203398	0.884616
15.91579609	0.885891
15.92675697	0.887682
15.94456724	0.887582
15.9583293	0.889573
15.96402207	0.89144
15.97627508	0.894866
15.98472386	0.896956
16.00124189	0.897622
16.00938343	0.894056
16.01524786	0.892057
16.02642552	0.890643
16.04426277	0.888443
16.05676871	0.891062
16.06894933	0.892972
16.08330763	0.893916
16.09856953	0.891062
16.10889772	0.893079
16.11634342	0.89589
16.1265722	0.899403
16.14365028	0.896317
16.15618323	0.896789
16.16784871	0.899718
16.18292977	0.898269
16.19693554	0.899406
16.21194429	0.902428
16.22821805	0.899899
16.24159126	0.896277
16.25419639	0.897901
16.2681298	0.901701
16.2681298	0.902981
16.2681298	0.904326
16.27165381	0.90334
16.27166284	0.905322
16.27169898	0.903186
16.27176224	0.908617
16.27179838	0.909519
16.27169898	0.910544
16.27169898	0.908437
16.27172609	0.907668
16.27168091	0.908265
16.27169898	0.914255
16.27172609	0.911357
16.2717532	0.907798
16.27173513	0.906423
16.27173513	0.905324
16.27173513	0.909312
16.27170802	0.905773
16.27173513	0.903531
16.27173513	0.902613
16.27172609	0.904449
16.27172609	0.901794
16.27168995	0.901422
16.27171706	0.904747
16.27170802	0.904726
16.27171706	0.905669
16.27172609	0.908335
16.27169898	0.909347
16.27170802	0.909861
16.27168091	0.901689
16.27168995	0.901478
16.27174416	0.907965
16.27176224	0.910962
16.27176224	0.910993
16.2717532	0.908737
16.27172609	0.906349
16.27172609	0.902851
16.27172609	0.901993
16.27173513	0.902439
16.27176224	0.905762
16.2717532	0.906733
16.27170802	0.907351
16.27171706	0.908442
16.27173513	0.907827
16.27177127	0.906103
16.27177127	0.907402
16.27178031	0.907464
16.2717532	0.907661
16.27173513	0.906779
16.27174416	0.904164
16.2717532	0.902804
16.27174416	0.903345
16.2717532	0.905548
16.27174416	0.906204
16.2717532	0.903131
16.2717532	0.90264
16.27176224	0.904979
16.27176224	0.907339
16.27174416	0.906196
16.27171706	0.904883
16.27173513	0.902747
16.27173513	0.901481
16.27172609	0.899807
16.27170802	0.900165
16.27172609	0.902893
16.27173513	0.906755
16.27174416	0.906427
16.27173513	0.902991
16.2717532	0.904593
16.2717532	0.908884
16.2717532	0.910071
16.27173513	0.90829
16.27172609	0.906458
16.27171706	0.903903
16.27170802	0.90822
16.27171706	0.908883
16.27172609	0.908378
16.27172609	0.910834
16.27170802	0.91153
16.27170802	0.911394
16.27171706	0.910934
16.27170802	0.907839
16.27173513	0.908393
16.27173513	0.909812
16.27172609	0.906759
16.27173513	0.907524
16.27173513	0.910361
16.27173513	0.910121
16.27173513	0.908482
16.27174416	0.907047
16.27174416	0.907215
16.27174416	0.909087
16.27174416	0.907252
16.27174416	0.901159
16.27173513	0.899553
16.27173513	0.899914
16.27173513	0.903312
16.27171706	0.902826
16.27174416	0.90671
16.27171706	0.906071
16.27171706	0.904026
16.27171706	0.902414
16.27170802	0.90327
16.27170802	0.903776
16.27172609	0.909721
16.27173513	0.913405
16.27171706	0.91118
16.27173513	0.910602
16.2717532	0.908832
16.27176224	0.903333
16.27176224	0.90003
16.2717532	0.903887
16.27174416	0.906351
16.27172609	0.904857
16.27172609	0.902213
16.27174416	0.903065
16.27170802	0.902295
16.27171706	0.901558
16.27171706	0.902747
16.27173513	0.905885
16.27170802	0.90702
16.27169898	0.90695
16.27170802	0.904358
16.27170802	0.902653
16.27172609	0.901919
16.2717532	0.903256
16.27176224	0.902943
16.27178031	0.901809
16.27178031	0.9032
16.27178031	0.905123
16.27178031	0.904877
16.2717532	0.903189
16.27176224	0.905253
16.27177127	0.907207
16.27174416	0.907275
16.2717532	0.906883
16.27176224	0.907748
16.27176224	0.909037
16.27174416	0.908725
16.27173513	0.907352
16.27173513	0.905631
16.27174416	0.905217
16.27177127	0.904302
16.27178934	0.902801
16.27177127	0.902207
16.27172609	0.906511
16.27168091	0.908179
16.27172609	0.907527
16.27172609	0.906868
16.27173513	0.906902
16.27174416	0.904455
16.27177127	0.903749
16.2717532	0.902503
16.2717532	0.902867
16.27177127	0.904548
16.27174416	0.904554
16.27173513	0.905738
16.27173513	0.907658
16.27176224	0.905891
16.2717532	0.90459
16.27174416	0.904907
16.27172609	0.903286
16.27174416	0.901346
16.2717532	0.903513
16.27174416	0.905089
16.27172609	0.906754
16.27173513	0.910083
16.27173513	0.909249
16.27174416	0.907581
16.27174416	0.906897
16.27172609	0.905213
16.27174416	0.905477
16.27177127	0.903175
16.27176224	0.903168
16.27174416	0.905545
16.27178031	0.903504
16.27177127	0.902057
16.27176224	0.902994
16.27178031	0.904431
16.27176224	0.904454
16.27174416	0.90641
16.27173513	0.905862
16.27171706	0.907214
16.27171706	0.905027
16.27171706	0.908305
16.27169898	0.909595
16.27173513	0.906801
16.27173513	0.903853
16.27176224	0.903214
16.27177127	0.905287
16.27176224	0.907522
16.27177127	0.908643
16.27177127	0.910808
16.2717532	0.911303
16.2717532	0.902541
16.27176224	0.903154
16.27178031	0.904087
16.2717532	0.904573
16.27177127	0.904555
16.27177127	0.903443
16.27177127	0.906615
16.27176224	0.907349
16.27174416	0.905481
16.2717532	0.907843
16.27174416	0.910852
16.27174416	0.911604
16.27174416	0.911492
16.27172609	0.90561
16.27172609	0.904793
16.27174416	0.904388
16.27173513	0.90587
16.27173513	0.908354
16.27174416	0.907665
16.27173513	0.906898
16.27176224	0.908733
16.2717532	0.909077
16.27171706	0.910837
16.27172609	0.911709
16.27172609	0.908321
16.27174416	0.909328
16.27176224	0.906337
16.2717532	0.906109
16.27176224	0.909168
16.2717532	0.910616
16.27174416	0.908921
16.2717532	0.907673
16.27174416	0.905431
16.27177127	0.90394
16.2717532	0.902131
16.27174416	0.900357
16.2717532	0.902482
16.2717532	0.905091
16.2717532	0.909979
16.27174416	0.911527
16.27174416	0.908763
16.2717532	0.909625
16.27173513	0.910073
16.27173513	0.911194
16.27174416	0.90969
16.27177127	0.906179
16.27178934	0.905529
16.27177127	0.907406
16.2717532	0.904177
16.2717532	0.900565
16.2717532	0.900729
16.27177127	0.904668
16.27177127	0.906466
16.27176224	0.90795
16.27177127	0.908678
16.27178031	0.909674
16.27179838	0.908942
16.27178934	0.906306
16.27177127	0.906366
16.27177127	0.908185
16.27174416	0.908405
16.2717532	0.909728
16.27176224	0.909526
16.27174416	0.909042
16.2717532	0.911559
16.27173513	0.915226
16.27172609	0.919623
16.27173513	0.915266
16.27172609	0.913776
16.27173513	0.910521
16.27174416	0.906135
16.2717532	0.905224
16.2717532	0.904554
16.27177127	0.904178
16.27178934	0.906169
16.27178031	0.909423
16.27178031	0.908416
16.27178934	0.906918
16.27177127	0.904362
16.2717532	0.903395
16.27171706	0.903445
16.27168995	0.904444
16.27172609	0.902852
16.27173513	0.902003
16.27174416	0.903093
16.27177127	0.901757
16.2717532	0.900182
16.27176224	0.902912
16.27176224	0.906478
16.27176224	0.908785
16.2717532	0.907923
16.27172609	0.908129
16.27172609	0.906062
16.2717532	0.905566
16.27174416	0.904057
16.27172609	0.907017
16.27602719	0.908745
16.28618356	0.907563
16.29453274	0.906584
16.30867392	0.905704
16.32648366	0.905416
16.33654059	0.907624
16.35043776	0.910645
16.36000673	0.909388
16.38070787	0.909962
16.39454173	0.912191
16.4123152	0.911613
16.4123152	0.911892
16.44219662	0.912739
16.45124145	0.912757
16.46154224	0.910123
16.47694825	0.905194
16.49210123	0.908423
16.50736262	0.91403
16.51877476	0.913711
16.53113565	0.9124
16.55991442	0.91657
16.5760793	0.919342
16.60422546	0.920142
16.61232143	0.917833
16.63103429	0.916388
16.64193129	0.917666
16.65069587	0.920028
16.65897251	0.919639
16.67300485	0.920565
16.68253743	0.919891
16.69266636	0.921265
16.70485539	0.921872
16.71661974	0.921622
16.74207298	0.920574
16.76239397	0.923571
16.7798597	0.927301
16.79815667	0.92097
16.81546874	0.918695
16.82514578	0.923061
16.84462633	0.925866
16.85695074	0.926694
16.8697992	0.927887
16.88136461	0.930926
16.88932485	0.932468
16.89920061	0.933592
16.91411814	0.928281
16.92832185	0.925993
16.93736632	0.929987
16.94487476	0.931321
16.96131922	0.932134
16.97186354	0.93382
16.98191994	0.933167
16.99644884	0.928856
17.00971278	0.925458
17.02116963	0.923687
17.02738596	0.92324
17.04344178	0.9235
17.05388664	0.924298
17.07001471	0.9252
17.08261898	0.928604
17.09581958	0.932327
17.11038448	0.931869
17.12514815	0.929378
17.13852037	0.927217
17.1529768	0.927591
17.16177714	0.930061
17.16718926	0.932365
17.18251304	0.935437
17.19417753	0.936098
17.20280618	0.935121
17.21526575	0.933754
17.22599054	0.933054
17.23663401	0.935862
17.2514427	0.934952
17.26865472	0.93268
17.28028299	0.931959
17.29348336	0.933546
17.30957496	0.933692
17.32137485	0.933683
17.3321628	0.933723
17.35070286	0.935714
17.36421938	0.936548
17.37413089	0.934338
17.3843315	0.935751
17.3977757	0.939483
17.40590727	0.942053
17.41889969	0.940811
17.43792751	0.943359
17.44731492	0.943618
17.45761485	0.941964
17.46439112	0.942275
17.47420316	0.941651
17.48156669	0.939047
17.49658287	0.934884
17.50744293	0.933583
17.52147427	0.933382
17.53115072	0.935508
17.55551802	0.939405
17.56551067	0.939842
17.57888238	0.943918
17.59092594	0.947198
17.60622206	0.9481
17.62011775	0.949187
17.63027297	0.949183
17.6455329	0.951342
17.65562486	0.955002
17.6641086	0.95826
17.67007161	0.958658
17.68910805	0.954126
17.70041968	0.952322
17.71379123	0.951817
17.72297061	0.952236
17.73505016	0.951107
17.74636174	0.953361
17.76019401	0.956305
17.76892162	0.955963
17.77978142	0.95503
17.7878043	0.955676
17.80068788	0.956687
17.81186387	0.958974
17.81873931	0.961385
17.82931899	0.961543
17.8438107	0.961766
17.85107462	0.96348
17.85966663	0.965509
17.86787015	0.968429
17.88671653	0.968135
17.89639268	0.969847
17.90232846	0.972798
17.91688332	0.971077
17.92655944	0.970047
17.93476291	0.969571
17.94442998	0.971984
17.95731338	0.975769
17.96803749	0.9778
17.98964829	0.980096
18.00773556	0.980447
18.02826214	0.98557
18.04044978	0.986841
18.05046911	0.986174
18.05835628	0.983862
18.06973981	0.983014
18.08440286	0.986165
18.10925683	0.990122
18.13648682	0.995973
18.14874662	0.995468
18.15730227	0.994945
18.16742991	0.995438
18.182924	0.993354
18.19039549	0.993808
18.19821932	0.996237
18.21389406	1.000378
18.22956878	1.001208
18.24960709	1.00128
18.25896673	1.004814
18.26961827	1.007205
18.29611608	1.003372
18.31214302	1.007215
18.32100571	1.010152
18.32998584	1.009894
18.33783668	1.009533
18.3532944	1.013612
18.36353027	1.013723
18.36802935	1.014914
18.38081288	1.013309
18.39369577	1.013022
18.40605466	1.014742
18.41949765	1.019429
18.42958891	1.022726
18.45134336	1.024031
18.4644972	1.024358
18.47769619	1.028002
18.50255831	1.031636
18.51323672	1.033799
18.52032855	1.035396
18.53438572	1.032699
18.55121635	1.034019
18.56134363	1.035051
18.56971828	1.033249
18.57970099	1.031962
18.58962046	1.032892
18.60261151	1.032648
18.61119391	1.035055
18.61839409	1.037585
18.63556789	1.037475
18.64987786	1.040101
18.65913778	1.042544
18.669807	1.043167
18.68207524	1.044004
18.68207524	1.042238
18.71471518	1.044011
18.72724535	1.047988
18.752134	1.043236
18.76602826	1.043531
18.77525194	1.046348
18.78778204	1.048877
18.80101678	1.050365
18.81497421	1.049521
18.83490304	1.048421
18.84978189	1.04752
18.86821103	1.046857
18.87966599	1.050888
18.89104867	1.055906
18.90319921	1.054129
18.92099589	1.054818
18.93909066	1.054412
18.96125061	1.056862
18.98014029	1.059612
18.99068272	1.063657
19.00349261	1.065131
19.02102715	1.062438
19.03090104	1.060438
19.03536371	1.060521
19.04688173	1.061249
19.05662912	1.061659
19.07230263	1.065506
19.08155315	1.067207
19.08874397	1.067647
19.10330628	1.068492
19.11467969	1.06773
19.12969365	1.065636
19.14481599	1.06581
19.15451813	1.064811
19.16275681	1.063809
19.17319969	1.061904
19.18855684	1.062198
19.19728331	1.065274
19.218711	1.070047
19.22865698	1.070928
19.23830483	1.069419
19.24364367	1.068596
19.25461042	1.069823
19.26860339	1.069832
19.28459275	1.066457
19.29464707	1.069844
19.30253333	1.073964
19.31743862	1.074767
19.32703219	1.070905
19.34054629	1.069498
19.35231691	1.070243
19.36055544	1.070166
19.36840552	1.069532
19.38561424	1.069405
19.40032068	1.06981
19.40959801	1.070899
19.41811652	1.072205
19.42464768	1.073721
19.44049227	1.075367
19.45107037	1.073961
19.45902878	1.073233
19.46873966	1.072954
19.48196451	1.072917
19.4924432	1.073437
19.50088035	1.076087
19.50664362	1.076075
19.52651695	1.076476
19.53697753	1.079097
19.55150309	1.078916
19.55841356	1.078464
19.56763655	1.076721
19.58170136	1.075407
19.59059914	1.075841
19.59956916	1.078128
19.60739196	1.081935
19.62212518	1.079872
19.63884569	1.074926
19.64984816	1.075868
19.66447292	1.079863
19.67327125	1.074952
19.67992871	1.071738
19.69207834	1.069997
19.70531194	1.070463
19.72356795	1.069198
19.73665697	1.067069
19.74597917	1.067164
19.75620466	1.070006
19.76378345	1.071673
19.78072052	1.072492
19.79572449	1.07653
19.8061577	1.077057
19.81969827	1.074137
19.82979723	1.074844
19.83827927	1.075157
19.84756524	1.075452
19.86393309	1.069759
19.87136727	1.067342
19.8798583	1.065939
19.88979461	1.067724
19.90498811	1.074159
19.91206997	1.077702
19.91946798	1.078554
19.9345169	1.074941
19.94683786	1.074846
19.9535403	1.074769
19.96296166	1.074402
19.96914019	1.073514
19.97863379	1.072756
19.9887597	1.070586
20.00317622	1.073218
20.0084153	1.075766
20.01805339	1.079303
20.03431258	1.080662
20.04011168	1.07906
20.05215249	1.079426
20.06076983	1.080578
20.06783352	1.083004
20.07567402	1.082696
20.08489654	1.080762
20.09128275	1.07734
20.10427194	1.07524
20.11812826	1.078676
20.12762173	1.080279
20.13561574	1.079704
20.1444769	1.075718
20.15952549	1.074519
20.16790789	1.071485
20.17545024	1.069915
20.19045362	1.069445
20.20542988	1.070863
20.21942155	1.074565
20.23147117	1.077567
20.24222008	1.080739
20.25000625	1.079649
20.25789178	1.077881
20.26620183	1.077089
20.27388863	1.076159
20.28784407	1.074592
20.29804192	1.074021
20.30808621	1.075109
20.31577297	1.075138
20.32515786	1.073861
20.33290784	1.073292
20.34128106	1.075869
20.35727777	1.079388
20.36519934	1.079786
20.3724254	1.076932
20.38491744	1.072627
20.3980056	1.071421
20.40635167	1.07208
20.41667586	1.072875
20.42606968	1.073294
20.44003395	1.074562
20.44785609	1.077064
20.45493757	1.079462
20.46484621	1.078562
20.47319222	1.077688
20.48024658	1.079119
20.48928808	1.082241
20.49961218	1.081839
20.51036079	1.079168
20.52132617	1.076589
20.5307199	1.074353
20.53800906	1.071894
20.5451266	1.069695
20.55517967	1.069191
20.57197089	1.073465
20.57969358	1.075351
20.58803046	1.077478
20.59476861	1.080879
20.61267977	1.083178
20.6209805	1.079932
20.62886573	1.07759
20.64376906	1.07546
20.65361429	1.073087
20.66227627	1.07201
20.67519246	1.072628
20.68685314	1.072726
20.69620154	1.072723
20.70810607	1.075483
20.71881832	1.076487
20.72950347	1.075887
20.7421757	1.072811
20.75860531	1.072221
20.76932654	1.074884
20.78398579	1.076267
20.80028888	1.074231
20.81201264	1.07494
20.82545249	1.077587
20.83511689	1.077436
20.8433542	1.076791
20.85124828	1.075007
20.8667745	1.075863
20.87362084	1.075729
20.88412517	1.076585
20.89257921	1.077399
20.90109647	1.077292
20.91033628	1.077732
20.92423663	1.075154
20.93515639	1.075487
20.94918315	1.076166
20.9566978	1.077459
20.96789751	1.075765
20.98154488	1.078391
20.99316003	1.079802
20.99983468	1.078537
21.00981502	1.076932
21.01327427	1.076538
21.02332685	1.076656
21.03833797	1.076638
21.04911308	1.077248
21.05791019	1.07745
21.06485574	1.078305
21.07176517	1.07949
21.08014679	1.08147
21.08935933	1.083482
21.09364949	1.084738
21.10796504	1.085148
21.11376351	1.083435
21.12265088	1.080549
21.13169178	1.080883
21.13968498	1.080066
21.15057739	1.077409
21.16304133	1.081092
21.17323827	1.081256
21.17658907	1.079837
21.19204251	1.079786
21.20566247	1.0799
21.21501037	1.081178
21.22321123	1.081812
21.23908908	1.083255
21.24607063	1.082282
21.25540043	1.081886
21.26150589	1.082874
21.27326521	1.085078
21.28030996	1.086767
21.29084998	1.086135
21.30282602	1.085692
21.31269767	1.086201
21.32306605	1.084992
21.33524978	1.083857
21.34397437	1.085624
21.35298797	1.088682
21.36415109	1.088309
21.37475423	1.087345
21.38882551	1.087593
21.39427157	1.088072
21.40651843	1.088115
21.4200568	1.089237
21.43527502	1.089251
21.44592324	1.092456
21.45220921	1.092802
21.45918157	1.092103
21.47925869	1.091612
21.49262535	1.094654
21.50267743	1.096296
21.50975813	1.09772
21.52047853	1.09703
21.5313976	1.093791
21.54117869	1.090561
21.55192614	1.088518
21.55911518	1.091
21.57537179	1.096133
21.58483674	1.096517
21.59341659	1.096789
21.60434461	1.097341
21.61771109	1.096293
21.62480074	1.096644
21.63450045	1.099157
21.64353183	1.102441
21.66025793	1.10314
21.66503552	1.101737
21.6737598	1.101816
21.68803835	1.102534
21.68845379	1.104119
21.68845379	1.10513
21.69177732	1.104575
21.69180442	1.102582
21.69173216	1.097228
21.69184054	1.095566
21.6917412	1.096095
21.69180442	1.098755
21.69194892	1.107095
21.69184054	1.108293
21.69183151	1.108613
21.69182248	1.108651
21.6918586	1.108917
21.69184957	1.106483
21.6918586	1.104376
21.69184054	1.103217
21.69184054	1.101118
21.69184054	1.10083
21.69184054	1.10124
21.69184054	1.10182
21.69182248	1.10352
21.69184957	1.108196
21.69184957	1.111373
21.69184957	1.112349
21.6918586	1.111561
21.69187667	1.111964
21.69184957	1.112961
21.69182248	1.109894
21.69182248	1.108188
21.69183151	1.10867
21.69182248	1.10892
21.69182248	1.108752
21.69183151	1.105706
21.69183151	1.10396
21.69183151	1.101255
21.69180442	1.099168
21.69180442	1.098219
21.69183151	1.09743
21.69184957	1.098971
21.69184054	1.102951
21.69184957	1.10186
21.69187667	1.100726
21.69189473	1.102357
21.69189473	1.104454
21.69190376	1.10375
21.69190376	1.101496
21.69187667	1.098854
21.69183151	1.099303
21.69182248	1.102294
21.69180442	1.104519
21.69181345	1.105145
21.69181345	1.10747
21.69182248	1.111553
21.69184054	1.11236
21.69184054	1.109814
21.69182248	1.107945
21.69182248	1.105728
21.69184054	1.104739
21.69183151	1.107211
21.69182248	1.108249
21.69182248	1.105897
21.69177732	1.105258
21.69175023	1.104984
21.69175023	1.105064
21.69178635	1.104156
21.69180442	1.100761
21.69181345	1.101085
21.69184957	1.103253
21.6918586	1.10512
21.6918586	1.109851
21.69184957	1.109625
21.69184957	1.107428
21.69184957	1.107649
21.69184957	1.107412
21.69186763	1.1074
21.6918857	1.107109
21.69187667	1.106927
21.6918586	1.105581
21.6918857	1.10604
21.6918857	1.106349
21.69186763	1.108823
21.69187667	1.108682
21.69186763	1.108427
21.69184957	1.108988
21.69184054	1.110761
21.69184957	1.1127
21.69186763	1.108679
21.69186763	1.105763
21.6918586	1.105231
21.6918586	1.10597
21.6918586	1.104278
21.6918586	1.104548
21.69186763	1.105141
21.69187667	1.103364
21.69186763	1.102571
21.69187667	1.104708
21.69186763	1.105946
21.6918857	1.105896
21.69187667	1.106927
21.6918586	1.104862
21.69183151	1.098068
21.69183151	1.098377
21.69181345	1.098417
21.69183151	1.098984
21.69184054	1.102495
21.69183151	1.10924
21.69184054	1.110884
21.69184054	1.110216
21.69184957	1.107705
21.6918857	1.108915
21.69190376	1.107565
21.69189473	1.105226
21.69189473	1.102921
21.69189473	1.100405
21.69187667	1.099908
21.69186763	1.101179
21.69187667	1.100975
21.69187667	1.101931
21.6918857	1.104662
21.6918857	1.10424
21.69184957	1.104615
21.6918586	1.106404
21.69187667	1.105039
21.69187667	1.103987
21.6918586	1.102836
21.6918586	1.103648
21.69184957	1.105155
21.69187667	1.106401
21.69187667	1.107945
21.6918857	1.10813
21.69189473	1.10678
21.6918586	1.105284
21.6918586	1.106318
21.69187667	1.106728
21.69186763	1.105676
21.69187667	1.105761
21.69191279	1.106115
21.69715096	1.104011
21.70545978	1.102632
21.7231792	1.100942
21.73180409	1.103865
21.73658164	1.105662
21.74876484	1.107944
21.76304327	1.111105
21.77127074	1.112909
21.78090709	1.116738
21.79522159	1.117288
21.80656481	1.112319
21.81605662	1.10715
21.82031031	1.107223
21.83688256	1.108993
21.84617565	1.11183
21.85398762	1.113392
21.87028887	1.110858
21.8778931	1.11172
21.89440202	1.114839
21.90246682	1.116611
21.91335835	1.117894
21.92242558	1.118469
21.93631541	1.117194
21.94563549	1.118639
21.9541518	1.120173
21.96627149	1.125987
21.97980904	1.1261
21.98486643	1.125363
21.99589333	1.124371
22.00437346	1.125705
22.01941914	1.131621
22.02618336	1.132588
22.03721021	1.133237
22.04080454	1.13437
22.05120824	1.134547
22.06813228	1.13012
22.07742513	1.129742
22.09211848	1.134642
22.10582743	1.140304
22.12164057	1.138144
22.13235122	1.133144
22.14732444	1.139717
22.16592804	1.148458
22.18436002	1.148326
22.19140407	1.146904
22.20194306	1.148124
22.21691616	1.150525
22.22535997	1.1508
22.23397535	1.152654
22.2417599	1.151914
22.24894841	1.148241
22.26583595	1.144271
22.27491187	1.147392
22.28800646	1.155142
22.29804864	1.158664
22.30688069	1.159778
22.31682352	1.161171
22.32028228	1.16193
22.33284399	1.164366
22.34415945	1.16598
22.35644118	1.163659
22.3674315	1.166274
22.37312082	1.168911
22.38728991	1.17246
22.40341863	1.173548
22.41503201	1.173803
22.42996864	1.173707
22.44121173	1.177809
22.44682876	1.180997
22.45548006	1.182123
22.47142804	1.185436
22.48140681	1.186862
22.48675289	1.187461
22.50457917	1.187375
22.52859131	1.185318
22.54855773	1.190976
22.56857829	1.201197
22.57972187	1.198331
22.58899614	1.193894
22.59730415	1.196808
22.61443486	1.205562
22.62466632	1.207158
22.63782361	1.20514
22.6454272	1.20417
22.65345521	1.203367
22.67091091	1.201267
22.68514275	1.205193
22.69746013	1.211425
22.70370912	1.211988
22.71762484	1.214597
22.73612793	1.220699
22.7518316	1.222705
22.76617167	1.226444
22.77737822	1.227103
22.79213363	1.223985
22.80884859	1.223662
22.81921527	1.228438
22.82215009	1.231347
22.84283827	1.231301
22.85258183	1.229784
22.86946824	1.232909
22.88171313	1.237553
22.89428308	1.242125
22.90121822	1.244693
22.91025737	1.246166
22.92439852	1.251974
22.93367243	1.253749
22.94226005	1.250978
22.95600382	1.252202
22.96850143	1.251895
22.98173045	1.254617
22.98972204	1.256402
23.00821553	1.256384
23.02604076	1.257725
23.0405971	1.264453
23.05993027	1.269778
23.06862612	1.271714
23.08121387	1.267522
23.09084881	1.264333
23.09876806	1.26443
23.10801469	1.265598
23.13135699	1.269749
23.1437189	1.271189
23.15662258	1.26621
23.17172953	1.268116
23.18778458	1.270377
23.19577598	1.27087
23.20569072	1.270419
23.2152894	1.270848
23.22132131	1.274324
23.24843774	1.281539
23.2590748	1.28174
23.27003692	1.284688
23.29860698	1.285491
23.30583075	1.287031
23.32897386	1.283207
23.34010746	1.284026
23.3528754	1.290759
23.36236557	1.292968
23.3739506	1.295657
23.3885786	1.298422
23.40619537	1.29802
23.42601533	1.29952
23.44332502	1.301313
23.45326657	1.303174
23.45881974	1.302845
23.47636414	1.30434
23.4883734	1.305914
23.50403057	1.30692
23.52811221	1.318401
23.53914623	1.318487
23.55278071	1.317186
23.56692081	1.313073
23.5742798	1.31547
23.58691196	1.316458
23.60285789	1.316303
23.60875408	1.316448
23.61751259	1.318394
23.62641555	1.319018
23.64203635	1.314808
23.65624854	1.320163
23.66706569	1.322588
23.67386477	1.32314
23.68479024	1.324517
23.69347643	1.325674
23.70135901	1.325087
23.71479459	1.324897
23.72490737	1.328092
23.73597725	1.328549
23.7476611	1.326227
23.7576384	1.323712
23.76619811	1.321619
23.77331314	1.320183
23.78409402	1.319574
23.79176884	1.32356
23.7985317	1.326578
23.81351111	1.327849
23.82300077	1.3292
23.83318566	1.327453
23.84093267	1.327765
23.85534317	1.330177
23.8637854	1.329797
23.87676927	1.326682
23.88846195	1.324995
23.90342315	1.322058
23.91336416	1.322102
23.92355797	1.322806
23.94599514	1.328694
23.95496097	1.328521
23.97056311	1.328897
23.98158751	1.325011
23.99124853	1.324641
24.00471977	1.325556
24.014769	1.324944
24.02876388	1.32719
24.0379734	1.327929
24.04439296	1.329276
24.05485748	1.329413
24.06794037	1.328148
24.0793529	1.329749
24.09668835	1.331297
24.10995175	1.329457
24.1207322	1.326809
24.13403167	1.329738
24.14539896	1.331538
24.15450001	1.331954
24.16654443	1.329954
24.17928405	1.328595
24.19167153	1.326387
24.20398676	1.325867
24.20998185	1.326168
24.2265225	1.32766
24.2356686	1.329583
24.25024997	1.329771
24.26657385	1.320096
24.27665889	1.317816
24.28520904	1.320889
24.29309107	1.324676
24.30778068	1.329492
24.31790178	1.326697
24.32362593	1.324281
24.33541731	1.317906
24.35003462	1.313816
24.36430882	1.319234
24.37574802	1.324484
24.39367874	1.324466
24.40697778	1.322135
24.41680985	1.322149
24.42640717	1.323892
24.43855051	1.326548
24.45097371	1.328701
24.46143772	1.327653
24.4760187	1.322392
24.48990446	1.321888
24.50602924	1.318965
24.51381174	1.317808
24.52646957	1.318624
24.53177827	1.319414
24.5452396	1.317699
24.56188793	1.314568
24.57364285	1.314111
24.582608	1.316929
24.5960873	1.31483
24.60623514	1.312074
24.61450507	1.312151
24.6288691	1.311167
24.6385113	1.313957
24.64736804	1.313769
24.65654076	1.309058
24.6721777	1.30649
24.68110662	1.307341
24.68993623	1.30881
24.70326188	1.306934
24.71222689	1.308509
24.72014461	1.309323
24.72932628	1.308348
24.74108096	1.301709
24.75502947	1.30125
24.7626402	1.301301
24.77582128	1.30224
24.78804536	1.300292
24.80143404	1.296723
24.8122497	1.293299
24.82076318	1.292104
24.82609878	1.292291
24.8368512	1.29197
24.84469659	1.291235
24.8539052	1.292276
24.86266239	1.292003
24.87041747	1.288759
24.87763086	1.288149
24.89274374	1.289329
24.90355025	1.288139
24.91890684	1.289253
24.92661673	1.294447
24.9434358	1.292229
24.96018262	1.288204
24.96956263	1.288246
24.98359199	1.285848
24.99234905	1.283419
25.00215333	1.282379
25.01059439	1.281032
25.02622162	1.277675
25.03274875	1.280346
25.04388008	1.28206
25.05636556	1.28126
25.06731629	1.280572
25.08137257	1.279825
25.0937948	1.278853
25.11968642	1.270428
25.14006201	1.268564
25.15084111	1.26906
25.1646535	1.275615
25.18258248	1.272956
25.19947324	1.2759
25.20784188	1.275235
25.2247687	1.272573
25.23794902	1.270605
25.24935992	1.269896
25.2577285	1.269329
25.27172125	1.263412
25.28253628	1.261891
25.30880644	1.256618
25.32705107	1.255722
25.33270229	1.255487
25.35548768	1.253697
25.36326937	1.253438
25.37330791	1.253913
25.37837231	1.253918
25.38782405	1.253718
25.40923712	1.249679
25.42315739	1.245664
25.43540756	1.240254
25.44797368	1.238985
25.46220081	1.238136
25.47071361	1.238607
25.48727877	1.241752
25.49171119	1.245155
25.50340157	1.24212
25.5119414	1.238725
25.5264934	1.233425
25.53870731	1.231892
25.54463823	1.232318
25.56093242	1.232714
25.57731686	1.237351
25.59954186	1.234165
25.61712683	1.234259
25.62588319	1.233765
25.6322654	1.230788
25.64558949	1.227377
25.65875106	1.224967
25.66989956	1.225134
25.68539912	1.226726
25.69466995	1.228406
25.70510526	1.228227
25.7145205	1.228687
25.73269197	1.229604
25.74301891	1.224695
25.7593127	1.225116
25.77176998	1.22511
25.7831801	1.227109
25.79301049	1.227604
25.80728213	1.224869
25.81796102	1.225156
25.82782748	1.224374
25.84816515	1.222172
25.85912381	1.221693
25.86602037	1.221938
25.87454175	1.222135
25.89009506	1.220808
25.90373465	1.219592
25.91166022	1.217849
25.92323262	1.215895
25.93115818	1.214514
25.93958922	1.216526
25.94817372	1.218049
25.95637005	1.218858
25.96349218	1.21928
25.97290711	1.218796
25.98669098	1.216596
25.99565454	1.215341
26.01393368	1.213901
26.02806049	1.215956
26.04689921	1.216269
26.0581284	1.213724
26.07124415	1.212484
26.07683165	1.214083
26.08806079	1.212248
26.10274712	1.207595
26.11303746	1.207318
26.12761542	1.206185
26.14540681	1.208216
26.15632896	1.208632
26.18294823	1.212382
26.20881822	1.215336
26.22113938	1.214624
26.23006656	1.213853
26.24335352	1.214759
26.25246121	1.216299
26.26721041	1.217084
26.28186029	1.218037
26.29610395	1.211498
26.30914708	1.206395
26.31996068	1.20735
26.32728106	1.20886
26.33576583	1.20771
26.35180563	1.210454
26.36401825	1.20854
26.37709737	1.208052
26.38278393	1.207336
26.40022271	1.206613
26.40876156	1.208639
26.41322956	1.207594
26.42662451	1.206673
26.43535288	1.207715
26.45557161	1.212685
26.46942683	1.211302
26.48184686	1.209888
26.49112576	1.209902
26.49596378	1.211087
26.5086004	1.211924
26.52271727	1.217318
26.53259185	1.21515
26.54759324	1.21277
26.56942734	1.217542
26.59202859	1.221934
26.59859052	1.224704
26.60650635	1.225529
26.61651621	1.226635
26.63134594	1.225172
26.64145505	1.221201
26.65087818	1.218764
26.66165519	1.21677
26.67849761	1.217832
26.68903088	1.219437
26.70169425	1.220769
26.7134189	1.22228
26.72286902	1.222487
26.73033342	1.225297
26.7454337	1.232427
26.7728091	1.226669
26.78948881	1.223591
26.79967894	1.218914
26.82583566	1.222507
26.8375511	1.229195
26.84529519	1.230864
26.86091873	1.235892
26.87013399	1.237128
26.8801435	1.236151
26.88349203	1.233528
26.9072025	1.237073
26.912654	1.238131
26.92904459	1.237751
26.95297153	1.239943
26.96656409	1.239156
26.98365855	1.240101
26.9938755	1.240764
27.00395704	1.241672
27.01725167	1.247826
27.02726098	1.248313
27.03569984	1.248608
27.04514955	1.246706
27.0582997	1.245492
27.06897684	1.246348
27.07433797	1.246047
27.08979858	1.251322
27.10106233	1.25362
27.1056292	1.254648
27.1056292	1.256223
27.1056292	1.255436
27.10908593	1.255455
27.10912204	1.260174
27.10901373	1.259549
27.10908593	1.254192
27.10912204	1.25262
27.10904983	1.24986
27.10913106	1.249315
27.10912204	1.250738
27.10909496	1.253095
27.10910399	1.25443
27.10909496	1.256478
27.10910399	1.255353
27.10911301	1.252879
27.10910399	1.252875
27.10908593	1.252385
27.10909496	1.254813
27.10909496	1.257707
27.10909496	1.256664
27.10909496	1.249779
27.10908593	1.247173
27.10911301	1.246832
27.10911301	1.246997
27.10912204	1.245741
27.10910399	1.246096
27.10911301	1.25276
27.10911301	1.253897
27.10912204	1.25099
27.10912204	1.247987
27.10911301	1.249872
27.10912204	1.25137
27.10914911	1.25037
27.10909496	1.254174
27.10913106	1.252206
27.10911301	1.244426
27.10909496	1.244792
27.10908593	1.247344
27.10909496	1.251598
27.10910399	1.253236
27.10908593	1.249102
27.10907691	1.250318
27.10908593	1.251335
27.10910399	1.252141
27.10911301	1.256016
27.10909496	1.261964
27.10915814	1.259865
27.10917619	1.258323
27.10916716	1.254643
27.10914911	1.256716
27.10914911	1.254821
27.10915814	1.25463
27.10915814	1.253192
27.10910399	1.252763
27.10911301	1.25073
27.10910399	1.251922
27.10908593	1.252679
27.10907691	1.254359
27.10906788	1.254818
27.10906788	1.253789
27.10907691	1.254621
27.10909496	1.257465
27.10910399	1.257945
27.10911301	1.254092
27.10909496	1.253443
27.10912204	1.253006
27.10914009	1.254618
27.10915814	1.257251
27.10915814	1.259388
27.11840017	1.260809
27.12683892	1.260698
27.1347903	1.259641
27.14329222	1.256976
27.15159556	1.255038
27.15871658	1.253932
27.16977264	1.253603
27.17608136	1.253329
27.18421319	1.254584
27.19149663	1.256304
27.20067538	1.259734
27.21047687	1.260325
27.21867184	1.259225
27.2267946	1.259244
27.23927655	1.257663
27.25176751	1.259171
27.2662079	1.261355
27.27509775	1.264361
27.28403271	1.266227
27.29669507	1.267139
27.32556662	1.268473
27.34388768	1.27333
27.35880622	1.272142
27.37789432	1.27856
27.39002405	1.282327
27.39717191	1.282729
27.40648578	1.281578
27.42256842	1.279819
27.43125051	1.279381
27.43825393	1.283387
27.4491742	1.285938
27.46399325	1.285905
27.47218794	1.288002
27.48182662	1.286276
27.49447961	1.284127
27.50385653	1.287421
27.51885597	1.290478
27.53123816	1.292777
27.54511846	1.295525
27.56311407	1.3002
27.57527959	1.304706
27.58707506	1.302396
27.59580208	1.300109
27.60890612	1.302127
27.61996151	1.306258
27.63561952	1.309077
27.64573629	1.309159
27.65497765	1.308605
27.66264869	1.307675
27.67896541	1.308381
27.70384654	1.316655
27.71506423	1.318501
27.73313163	1.317592
27.74558565	1.317937
27.76253391	1.317532
27.77414859	1.316386
27.78634985	1.319654
27.79339806	1.323625
27.80305436	1.327468
27.81697926	1.331592
27.82635577	1.33037
27.84075893	1.330884
27.85244568	1.334427
27.85903357	1.334927
27.87441131	1.33358
27.88385994	1.333411
27.89209927	1.337733
27.90042885	1.340889
27.91472357	1.346294
27.93132851	1.343018
27.94506365	1.341874
27.95793243	1.343576
27.97178484	1.347511
27.98820916	1.353244
27.9978652	1.355463
28.00822513	1.355593
28.02251963	1.355969
28.03225684	1.355381
28.04306793	1.354945
28.05799406	1.356397
28.06488859	1.356242
28.07476111	1.355583
28.08710625	1.356227
28.09806165	1.356316
28.10667976	1.356496
28.11515347	1.359909
28.12415057	1.363338
28.13090968	1.364602
28.14471663	1.369062
28.15559975	1.369246
28.17231242	1.373122
28.18573126	1.373574
28.19535996	1.373092
28.21185597	1.375411
28.22214339	1.376953
28.22875801	1.376978
28.23855811	1.376795
28.24536223	1.375589
28.26133472	1.379306
28.27724402	1.384383
28.28661993	1.387776
28.29571608	1.386619
28.30667115	1.385455
28.31486489	1.384024
28.32589212	1.384631
28.33738858	1.390429
28.3442287	1.391338
28.35534613	1.393451
28.36946849	1.394491
28.38321182	1.395115
28.39416676	1.39888
28.40200846	1.401322
28.41072547	1.401996
28.42562376	1.404301
28.4353875	1.406252
28.44208314	1.406567
28.45878612	1.409043
28.46795424	1.411614
28.48297874	1.409813
28.49403279	1.408331
28.49853562	1.409087
28.51230577	1.411827
28.52351317	1.413744
28.53494615	1.413935
28.54265234	1.415258
28.55195571	1.414443
28.55903926	1.413208
28.56705223	1.415797
28.58017254	1.421301
28.59300408	1.422195
28.59854456	1.425953
28.60942698	1.426867
28.62278183	1.430269
28.63278893	1.432709
28.64088303	1.433077
28.64938317	1.430844
28.66392905	1.432636
28.67965697	1.436449
28.69200106	1.439051
28.69583603	1.437522
28.70782818	1.438243
28.71609363	1.440537
28.7246749	1.439143
28.7357015	1.439292
28.74706194	1.440375
28.75704179	1.440634
28.76543352	1.43994
28.77767821	1.441218
28.78873179	1.447952
28.7975566	1.450886
28.81133519	1.446493
28.82231653	1.445605
28.83724103	1.45013
28.84846596	1.448787
28.85561237	1.447667
28.86202789	1.449424
28.87723202	1.450999
28.8891246	1.450278
28.89773273	1.449743
28.90603405	1.451191
28.91293678	1.453077
28.92105762	1.45404
28.93532322	1.456651
28.94400347	1.45788
28.95409132	1.456991
28.96223919	1.456939
28.97176758	1.457807
28.97998761	1.456957
28.99376584	1.458298
29.00415137	1.457585
29.01147808	1.458945
29.02120491	1.45941
29.03414392	1.461567
29.04536854	1.464997
29.05324561	1.466999
29.06169111	1.468105
29.06783576	1.471337
29.07700308	1.473377
29.08219128	1.474263
29.09606856	1.473331
29.10338615	1.473275
29.11036989	1.475727
29.11978078	1.48029
29.13281885	1.482674
29.14248235	1.483237
29.15235336	1.483866
29.16102432	1.483062
29.17417059	1.482375
29.18439345	1.480376
29.19415613	1.481209
29.20165407	1.480791
29.21044226	1.479947
29.21814771	1.477256
29.23114951	1.47781
29.24356481	1.48039
29.25772147	1.483955
29.26688854	1.485329
29.27627215	1.489548
29.29147537	1.491611
29.30642593	1.489803
29.31618843	1.490745
29.33031788	1.489342
29.34886837	1.492051
29.3673376	1.502352
29.38470603	1.499158
29.39980075	1.502052
29.40931951	1.504319
29.41433603	1.507462
29.43041413	1.504289
29.43951782	1.501982
29.44586062	1.503344
29.45712967	1.505727
29.4712498	1.504067
29.48208574	1.506362
29.49028712	1.507887
29.4978479	1.50585
29.50813343	1.508068
29.51929412	1.514983
29.52794657	1.514251
29.53972074	1.514206
29.55489631	1.516377
29.56423442	1.518066
29.57267028	1.521556
29.58285645	1.52074
29.59607409	1.525017
29.60401369	1.528033
29.6117999	1.526838
29.62755273	1.526471
29.63860496	1.528462
29.64536259	1.527567
29.65265253	1.528314
29.66179201	1.529696
29.66747599	1.528578
29.67823944	1.527177
29.68570979	1.526958
29.69463269	1.526723
29.70289697	1.52748
29.71123341	1.527889
29.72071565	1.528507
29.72900697	1.531156
29.74263934	1.532714
29.75090356	1.530349
29.76729664	1.531362
29.77695022	1.533991
29.7849708	1.536131
29.79957744	1.539164
29.81475243	1.538231
29.82959358	1.537793
29.84138527	1.539505
29.85207627	1.540298
29.87631816	1.537094
29.8859355	1.539043
29.90180498	1.540235
29.90852627	1.540819
29.91543701	1.541034
29.94133868	1.546001
29.96620276	1.54013
29.97780476	1.541947
29.9930425	1.551527
30.00862303	1.551887
30.01468563	1.550707
30.02511472	1.549263
30.03805183	1.544116
30.0497349	1.541981
30.05649213	1.542174
30.0655228	1.545803
30.08146403	1.553131
30.09631361	1.555893
30.10617422	1.554985
30.11286824	1.554049
30.12318892	1.554162
30.13078508	1.556982
30.13894958	1.560203
30.14863872	1.562276
30.15679418	1.563684
30.16370466	1.563596
30.18140485	1.563282
30.1954513	1.560931
30.20609663	1.559714
30.21157265	1.560524
30.23659811	1.565279
30.24998587	1.566061
30.27917003	1.560396
30.29275619	1.560314
30.30224663	1.564944
30.3131534	1.572222
30.32685676	1.573175
30.33291907	1.571355
30.34613524	1.569007
30.37085347	1.572824
30.38026261	1.572504
30.39978451	1.570234
30.41206234	1.569157
30.41801632	1.567783
30.43311774	1.564871
30.44761471	1.570633
30.46180493	1.57218
30.47400146	1.573784
30.48468243	1.573021
30.49266608	1.571566
30.50018965	1.572007
30.51124043	1.570482
30.52368946	1.568923
30.53069879	1.570646
30.54442877	1.572304
30.55265591	1.574899
30.56336382	1.575994
30.57922266	1.575165
30.59633539	1.578166
30.61254597	1.579686
30.63036223	1.58055
30.6472042	1.57729
30.6593643	1.580766
30.67295869	1.585487
30.6827553	1.583208
30.69028767	1.579807
30.69726074	1.577395
30.71489636	1.582209
30.73148553	1.579355
30.74860687	1.57811
30.76167788	1.57771
30.78071153	1.575989
30.79856342	1.579519
30.81226577	1.581625
30.821115	1.582292
30.83171422	1.581691
30.84472192	1.582229
30.85639455	1.584777
30.87071919	1.586367
30.88027195	1.586736
30.8885979	1.586539
30.90289542	1.587612
30.91095072	1.587554
30.92827005	1.587585
30.94545402	1.595458
30.96868163	1.590419
30.9809133	1.585611
30.99482274	1.585838
31.00098365	1.586919
31.01674222	1.589509
31.02915421	1.591343
31.03730858	1.590623
31.05239956	1.58724
31.06202421	1.586867
31.06864509	1.588047
31.08223864	1.587733
31.09405516	1.585314
31.10242594	1.58475
31.11047198	1.584728
31.12215315	1.588242
31.13606229	1.588019
31.14986315	1.592113
31.15774677	1.593359
31.16670377	1.59402
31.18113598	1.598575
31.19336725	1.596033
31.19758865	1.594225
31.20828648	1.590928
31.22243897	1.586994
31.23770992	1.58502
31.24959832	1.584773
31.25859128	1.586261
31.27364566	1.589016
31.2812495	1.588034
31.29097303	1.588263
31.29714269	1.590057
31.30794859	1.590587
31.32185732	1.5898
31.33340281	1.591255
31.34120503	1.591249
31.34984608	1.589615
31.36375473	1.588143
31.38006262	1.588426
31.3896507	1.59219
31.39913053	1.590557
31.40767229	1.588273
31.41756701	1.590009
31.43088922	1.588359
31.44026076	1.585531
31.44661066	1.585708
31.45618962	1.587171
31.46511014	1.587946
31.47734989	1.590654
31.48906647	1.593368
31.4967332	1.592546
31.50146853	1.591218
31.5200851	1.591296
31.5295016	1.593531
31.5368526	1.593243
31.54731535	1.593865
31.5542424	1.593596
31.56256748	1.59107
31.57623214	1.588192
31.58484582	1.589575
31.59610221	1.588506
31.60374175	1.586483
31.61590006	1.588284
31.62980813	1.588099
31.63528295	1.587509
31.64615142	1.587386
31.65358345	1.589133
31.66100646	1.589496
31.67627636	1.591124
31.68575577	1.592929
31.69411676	1.594635
31.6997629	1.597179
31.71193004	1.597568
31.72036315	1.597546
31.73388316	1.595847
31.7447244	1.592211
31.751074	1.590341
31.76072466	1.590408
31.7694373	1.592255
31.77784328	1.593862
31.7914263	1.593213
31.80390894	1.59402
31.81735661	1.591424
31.82587076	1.591051
31.84071636	1.592371
31.85267579	1.595389
31.85939507	1.59771
31.86462618	1.598027
31.88139277	1.594797
31.89686958	1.593363
31.91334748	1.593034
31.92492797	1.591669
31.92928418	1.589622
31.94081955	1.585799
31.95322073	1.586716
31.96511682	1.589154
31.97385623	1.590396
31.98898108	1.588985
31.99974973	1.587069
32.0072084	1.584993
32.01488353	1.586506
32.02843898	1.591205
32.03857624	1.591965
32.04672933	1.594518
32.05712811	1.596526
32.06552468	1.596826
32.07242411	1.597249
32.08545634	1.593526
32.10386377	1.593857
32.11333352	1.594974
32.12843097	1.591908
32.13833358	1.586165
32.14619794	1.583888
32.1543599	1.58466
32.16426247	1.585282
32.16969174	1.585591
32.18635831	1.58601
32.19559345	1.585678
32.20413413	1.587528
32.21340532	1.589358
32.22866486	1.592399
32.24365382	1.590929
32.25097692	1.589676
32.26146555	1.588514
32.2698889	1.587037
32.28267723	1.587997
32.29467189	1.59123
32.30268937	1.592344
32.31795772	1.589856
32.32736401	1.589474
32.33489445	1.591017
32.34472458	1.593871
32.35336427	1.597139
32.36287873	1.599155
32.37399845	1.597783
32.38490172	1.593972
32.39452435	1.591636
32.40958505	1.589606
32.41710637	1.589453
32.42467277	1.590088
32.43443062	1.588456
32.44247497	1.585923
32.4494822	1.584902
32.45903259	1.585876
32.46869118	1.589433
32.482417	1.59358
32.49175991	1.597334
32.49876709	1.597307
32.51521635	1.59372
32.52469449	1.593964
32.5385284	1.591195
32.55152359	1.587927
32.56463599	1.585863
32.57330242	1.588307
32.58111212	1.58976
32.59191582	1.590622
32.59749803	1.589775
32.61373058	1.585203
32.63035087	1.586198
32.64147914	1.584647
32.64948715	1.583261
32.66471857	1.586688
32.67492694	1.58938
32.6900591	1.588491
32.69681355	1.588147
32.71266709	1.591119
32.72221707	1.59048
32.73065784	1.588027
32.73891823	1.586537
32.74672772	1.58466
32.75320256	1.585395
32.76376247	1.585446
32.78003066	1.582648
32.79383695	1.577897
32.81118719	1.586168
32.8215396	1.588613
32.83049424	1.589324
32.84265919	1.586141
32.85513071	1.585274
32.86356227	1.588092
32.88524081	1.589306
32.89499793	1.587784
32.90461977	1.586743
32.91148219	1.585783
32.91828149	1.5839
32.92925593	1.585504
32.94229539	1.590217
32.94838226	1.590853
32.96207995	1.587742
32.97445204	1.585282
32.98658063	1.584931
32.99362331	1.585913
33.00951216	1.582455
33.01975602	1.580429
33.03076635	1.579845
33.04369738	1.58229
33.0511548	1.585418
33.06025339	1.584741
33.07717906	1.582842
33.08599806	1.583184
33.10056112	1.584918
33.10900136	1.585804
33.11617916	1.584833
33.13157174	1.581357
33.14231135	1.578241
33.15025558	1.576507
33.15956141	1.577635
33.17524243	1.578143
33.18949868	1.57834
33.19939959	1.580905
33.21368284	1.579039
33.22451248	1.578875
33.23207788	1.580408
33.24737999	1.58034
33.2628083	1.578065
33.27452153	1.573089
33.28902101	1.569411
33.2991562	1.570386
33.30748796	1.572743
33.31553116	1.576571
33.33169869	1.574756
33.34581932	1.577304
33.35539536	1.577914
33.36361885	1.579049
33.37341127	1.580724
33.3900385	1.580554
33.40220233	1.579068
33.41585392	1.579632
33.43372537	1.569695
33.44599731	1.565896
33.45972093	1.566099
33.4732732	1.56571
33.47889067	1.565369
33.48830419	1.567438
33.50220806	1.571017
33.51279372	1.572917
33.52972715	1.575133
33.54282843	1.569832
33.55314352	1.568442
33.56231348	1.568433
33.57091538	1.570002
33.57638849	1.571595
33.58524283	1.571328
33.5933578	1.57154
33.60450234	1.571583
33.62963157	1.566134
33.64067686	1.564707
33.65157786	1.566286
33.65987307	1.567657
33.68593077	1.564874
33.70036614	1.563804
33.70997768	1.566477
33.7186515	1.571506
33.72698268	1.573423
33.74063353	1.57032
33.75252615	1.571049
33.75899991	1.571077
33.76743022	1.570408
33.78990797	1.570878
33.80035788	1.570541
33.82343058	1.561025
33.83475501	1.55705
33.85021788	1.558772
33.86422909	1.561778
33.87304694	1.566026
33.88207216	1.56618
33.89614641	1.567201
33.90665925	1.564745
33.92112114	1.562939
33.93212982	1.564618
33.93850421	1.566568
33.94892682	1.567431
33.96404677	1.565426
33.97432508	1.565221
33.9824846	1.562302
33.9904187	1.559092
34.00338373	1.559712
34.01906254	1.564343
34.03146852	1.564641
34.03899684	1.560619
34.04696693	1.558595
34.05557715	1.559483
34.06352919	1.561371
34.07332046	1.559105
34.08529356	1.554186
34.0949135	1.554037
34.10529976	1.556508
34.11355827	1.557483
34.14091226	1.550579
34.15209183	1.552179
34.17115115	1.554245
34.19317659	1.551644
34.20056045	1.555137
34.21772632	1.555167
34.24187927	1.550808
34.25957695	1.555074
34.26894416	1.555869
34.2761927	1.554541
34.28409936	1.554453
34.29374602	1.556958
34.30270748	1.557099
34.30998302	1.555047
34.33409953	1.55452
34.3531222	1.550183
34.36844848	1.549632
34.38485657	1.546407
34.39241148	1.544405
34.4012015	1.54269
34.40761144	1.542404
34.41723085	1.544207
34.431403	1.542054
34.44645861	1.542591
34.45812443	1.542871
34.47391021	1.546924
34.48773964	1.547538
34.50000038	1.544369
34.5132708	1.543261
34.52355716	1.544448
34.53439343	1.548729
34.54856529	1.54863
34.55741818	1.547462
34.56438689	1.54491
34.57351021	1.54332
34.58577077	1.543372
34.59852714	1.544153
34.60706442	1.542479
34.61371754	1.5365
34.62186716	1.537462
34.64507186	1.53881
34.66994424	1.542017
34.68627936	1.538619
34.69610566	1.534968
34.70084751	1.534917
34.72958704	1.538025
34.74104495	1.536766
34.75303472	1.533825
34.77002769	1.538203
34.78445139	1.540415
34.79333997	1.541033
34.80371599	1.538675
34.81249637	1.535751
34.82852458	1.536253
34.84806849	1.537115
34.86182491	1.53659
34.86799997	1.53587
34.87705069	1.53456
34.88429847	1.532531
34.89481855	1.533534
34.90770946	1.5385
34.9181664	1.541224
34.92697365	1.541042
34.93975631	1.534764
34.94954611	1.534737
34.95993085	1.536132
34.96860282	1.534961
34.98217867	1.536914
35.00124429	1.539866
35.02632247	1.533935
35.04245826	1.529256
35.04360309	1.526368
35.04360309	1.526382
35.04509948	1.53036
35.04659587	1.535202
35.0467401	1.536574
35.04681222	1.532211
35.04670404	1.529518
35.04652376	1.53175
35.04655981	1.539553
35.04666799	1.545831
35.04666799	1.547992
35.04662291	1.54783
35.04664094	1.542108
35.04663193	1.541026
